Polar "FFA-W3-241_Re0.100_M0.00_N9.0 360 M" on Foil "FFA-W3-241" :: generated by QBlade
Converted from QBlade export: Polar "FFA-W3-241_Re0.100_M0.00_N9.0 360 M" on Foil "FFA-W3-241" :: generated by QBlade
line
   1        Number of airfoil tables in this file
   1.0     Reynolds numbers in millions
 0.0      Control setting
 0.0      Stall angle (deg)
 0.0      Zero lift angle of attack (deg)
 0.0      Cn slope for zero lift (dimensionless)
 0.0000      Cn at stall value for positive angle of attack
 0.0000      Cn at stall value for negative angle of attack
 0.0      Angle of attack for minimum CD (deg)
   0.00     Minimum CD value
 -180.00   -0.1656   0.0060   -0.0548
 -179.00   -0.1109   0.0065   -0.0366
 -178.00   -0.0605   0.0080   -0.0198
 -177.00   -0.0162   0.0104   -0.0051
 -176.00    0.0211   0.0139   0.0072
 -175.00    0.0522   0.0183   0.0175
 -174.00    0.0788   0.0237   0.0264
 -173.00    0.1025   0.0301   0.0344
 -172.00    0.1248   0.0374   0.0419
 -171.00    0.1464   0.0456   0.0493
 -170.00    0.1678   0.0548   0.0566
 -169.00    0.1891   0.0649   0.0640
 -168.00    0.2103   0.0759   0.0715
 -167.00    0.2313   0.0878   0.0789
 -166.00    0.2521   0.1006   0.0864
 -165.00    0.2725   0.1142   0.0939
 -164.00    0.2924   0.1287   0.1013
 -163.00    0.3119   0.1440   0.1087
 -162.00    0.3307   0.1601   0.1160
 -161.00    0.3488   0.1770   0.1232
 -160.00    0.3662   0.1947   0.1304
 -159.00    0.3828   0.2131   0.1374
 -158.00    0.3987   0.2322   0.1443
 -157.00    0.4137   0.2520   0.1512
 -156.00    0.4278   0.2725   0.1579
 -155.00    0.4410   0.2936   0.1645
 -154.00    0.4533   0.3154   0.1710
 -153.00    0.4647   0.3377   0.1774
 -152.00    0.4752   0.3606   0.1838
 -151.00    0.4848   0.3840   0.1900
 -150.00    0.4934   0.4080   0.1962
 -149.00    0.5011   0.4324   0.2022
 -148.00    0.5078   0.4572   0.2082
 -147.00    0.5136   0.4825   0.2141
 -146.00    0.5185   0.5081   0.2200
 -145.00    0.5225   0.5342   0.2258
 -144.00    0.5256   0.5605   0.2315
 -143.00    0.5278   0.5871   0.2372
 -142.00    0.5292   0.6140   0.2428
 -141.00    0.5297   0.6411   0.2484
 -140.00    0.5293   0.6684   0.2540
 -139.00    0.5281   0.6958   0.2595
 -138.00    0.5262   0.7234   0.2650
 -137.00    0.5234   0.7510   0.2704
 -136.00    0.5199   0.7787   0.2758
 -135.00    0.5157   0.8065   0.2812
 -134.00    0.5107   0.8342   0.2866
 -133.00    0.5051   0.8619   0.2919
 -132.00    0.4988   0.8895   0.2972
 -131.00    0.4918   0.9170   0.3025
 -130.00    0.4843   0.9443   0.3078
 -129.00    0.4761   0.9715   0.3130
 -128.00    0.4674   0.9984   0.3182
 -127.00    0.4582   1.0252   0.3234
 -126.00    0.4484   1.0516   0.3285
 -125.00    0.4382   1.0777   0.3336
 -124.00    0.4275   1.1035   0.3387
 -123.00    0.4163   1.1289   0.3437
 -122.00    0.4048   1.1540   0.3486
 -121.00    0.3928   1.1785   0.3535
 -120.00    0.3805   1.2027   0.3583
 -119.00    0.3679   1.2263   0.3630
 -118.00    0.3549   1.2494   0.3676
 -117.00    0.3417   1.2720   0.3722
 -116.00    0.3281   1.2940   0.3766
 -115.00    0.3144   1.3154   0.3810
 -114.00    0.2953   1.3362   0.3846
 -113.00    0.2810   1.3563   0.3887
 -112.00    0.2665   1.3758   0.3927
 -111.00    0.2519   1.3945   0.3966
 -110.00    0.2370   1.4126   0.4003
 -109.00    0.2221   1.4299   0.4038
 -108.00    0.2070   1.4464   0.4072
 -107.00    0.1918   1.4622   0.4104
 -106.00    0.1765   1.4771   0.4135
 -105.00    0.1611   1.4912   0.4163
 -104.00    0.1457   1.5045   0.4189
 -103.00    0.1302   1.5170   0.4214
 -102.00    0.1147   1.5285   0.4236
 -101.00    0.0991   1.5392   0.4256
 -100.00    0.0835   1.5490   0.4274
  -99.00    0.0679   1.5579   0.4290
  -98.00    0.0524   1.5659   0.4304
  -97.00    0.0368   1.5730   0.4315
  -96.00    0.0213   1.5791   0.4323
  -95.00    0.0058   1.5842   0.4329
  -94.00   -0.0097   1.5885   0.4333
  -93.00   -0.0251   1.5917   0.4335
  -92.00   -0.0404   1.5941   0.4333
  -91.00   -0.0557   1.5954   0.4330
  -90.00   -0.0709   1.5958   0.4323
  -89.00   -0.0860   1.5952   0.4315
  -88.00   -0.1010   1.5937   0.4303
  -87.00   -0.1160   1.5912   0.4290
  -86.00   -0.1308   1.5877   0.4273
  -85.00   -0.1455   1.5833   0.4255
  -84.00   -0.1601   1.5779   0.4234
  -83.00   -0.1746   1.5716   0.4210
  -82.00   -0.1890   1.5644   0.4185
  -81.00   -0.2032   1.5562   0.4157
  -80.00   -0.2172   1.5471   0.4126
  -79.00   -0.2311   1.5371   0.4094
  -78.00   -0.2449   1.5262   0.4059
  -77.00   -0.2584   1.5144   0.4023
  -76.00   -0.2718   1.5017   0.3984
  -75.00   -0.2850   1.4882   0.3944
  -74.00   -0.2980   1.4738   0.3902
  -73.00   -0.3109   1.4586   0.3858
  -72.00   -0.3234   1.4426   0.3812
  -71.00   -0.3358   1.4258   0.3765
  -70.00   -0.3480   1.4083   0.3716
  -69.00   -0.3599   1.3900   0.3666
  -68.00   -0.3715   1.3709   0.3615
  -67.00   -0.3829   1.3512   0.3562
  -66.00   -0.3940   1.3307   0.3508
  -65.00   -0.4048   1.3096   0.3454
  -64.00   -0.4154   1.2879   0.3398
  -63.00   -0.4256   1.2655   0.3342
  -62.00   -0.4356   1.2426   0.3284
  -61.00   -0.4452   1.2191   0.3227
  -60.00   -0.4545   1.1950   0.3168
  -59.00   -0.4634   1.1705   0.3109
  -58.00   -0.4720   1.1455   0.3050
  -57.00   -0.4802   1.1200   0.2990
  -56.00   -0.4881   1.0941   0.2930
  -55.00   -0.4956   1.0678   0.2870
  -54.00   -0.5027   1.0411   0.2810
  -53.00   -0.5095   1.0141   0.2750
  -52.00   -0.5158   0.9867   0.2691
  -51.00   -0.5218   0.9591   0.2631
  -50.00   -0.5273   0.9313   0.2572
  -49.00   -0.5325   0.9032   0.2513
  -48.00   -0.5372   0.8750   0.2454
  -47.00   -0.5416   0.8465   0.2396
  -46.00   -0.5456   0.8180   0.2338
  -45.00   -0.5492   0.7893   0.2281
  -44.00   -0.5524   0.7606   0.2225
  -43.00   -0.5553   0.7318   0.2170
  -42.00   -0.5578   0.7031   0.2116
  -41.00   -0.5601   0.6743   0.2062
  -40.00   -0.5620   0.6455   0.2010
  -39.00   -0.5636   0.6169   0.1959
  -38.00   -0.5651   0.5883   0.1909
  -37.00   -0.5663   0.5598   0.1860
  -36.00   -0.5675   0.5315   0.1814
  -35.00   -0.5685   0.5033   0.1768
  -34.00   -0.5695   0.4754   0.1725
  -33.00   -0.5706   0.4476   0.1684
  -32.00   -0.5717   0.4201   0.1644
  -31.00   -0.5731   0.3928   0.1607
  -30.00   -0.5747   0.3659   0.1573
  -29.00   -0.5767   0.3392   0.1541
  -28.00   -0.5791   0.3129   0.1512
  -27.00   -0.5820   0.2870   0.1486
  -26.00   -0.5853   0.2615   0.1464
  -25.00   -0.5892   0.2366   0.1359
  -24.00   -0.5933   0.2122   0.1255
  -23.00   -0.5977   0.1886   0.1150
  -22.00   -0.6019   0.1658   0.1046
  -21.00   -0.6054   0.1440   0.0941
  -20.00   -0.6076   0.1234   0.0837
  -19.00   -0.6074   0.1042   0.0733
  -18.00   -0.6039   0.0867   0.0628
  -17.00   -0.5957   0.0711   0.0524
  -16.00   -0.5816   0.0576   0.0419
  -15.00   -0.5605   0.0462   0.0315
  -14.00   -0.5314   0.0370   0.0210
  -13.00   -0.4942   0.0299   0.0106
  -12.00   -0.4490   0.0247   0.0001
  -11.00   -0.2986   0.1192   -0.0103
  -10.00   -0.2511   0.1101   -0.0138
   -9.00   -0.2223   0.1027   -0.0186
   -8.00   -0.1032   0.0931   -0.0319
   -7.00   -0.0746   0.0873   -0.0302
   -6.00   -0.0073   0.0813   -0.0291
   -5.00    0.0244   0.0774   -0.0280
   -4.00    0.0923   0.0716   -0.0283
   -3.00    0.1701   0.0667   -0.0288
   -2.00    0.2418   0.0628   -0.0284
   -1.00    0.2730   0.0612   -0.0256
    0.00    0.3583   0.0570   -0.0253
    1.00    0.4358   0.0540   -0.0240
    3.00    0.5387   0.0511   -0.0143
    4.00    0.5937   0.0497   -0.0095
    6.00    0.7395   0.0478   -0.0197
    7.00    0.8547   0.0478   -0.0282
    8.00    0.8911   0.0524   -0.0277
    9.00    1.0329   0.0518   -0.0361
   14.00    0.7247   0.1738   -0.0850
   15.00    0.7536   0.1855   -0.0975
   16.00    0.8840   0.1770   -0.0920
   17.00    0.8970   0.1928   -0.1049
   20.00    0.9623   0.2470   -0.1504
   21.00    0.9827   0.1731   -0.1584
   22.00    0.9778   0.1957   -0.1664
   23.00    0.9762   0.2190   -0.1745
   24.00    0.9773   0.2428   -0.1825
   25.00    0.9808   0.2670   -0.1905
   26.00    0.9863   0.2918   -0.1985
   27.00    0.9934   0.3169   -0.2066
   28.00    1.0018   0.3425   -0.2146
   29.00    1.0110   0.3684   -0.2226
   30.00    1.0210   0.3948   -0.2306
   31.00    1.0313   0.4215   -0.2387
   32.00    1.0419   0.4485   -0.2467
   33.00    1.0525   0.4759   -0.2547
   34.00    1.0630   0.5036   -0.2627
   35.00    1.0733   0.5316   -0.2708
   36.00    1.0832   0.5598   -0.2765
   37.00    1.0926   0.5883   -0.2823
   38.00    1.1015   0.6170   -0.2881
   39.00    1.1097   0.6459   -0.2939
   40.00    1.1172   0.6749   -0.2996
   41.00    1.1240   0.7041   -0.3054
   42.00    1.1300   0.7334   -0.3110
   43.00    1.1351   0.7628   -0.3167
   44.00    1.1392   0.7922   -0.3222
   45.00    1.1425   0.8216   -0.3277
   46.00    1.1447   0.8510   -0.3331
   47.00    1.1459   0.8803   -0.3384
   48.00    1.1461   0.9095   -0.3436
   49.00    1.1452   0.9387   -0.3487
   50.00    1.1433   0.9676   -0.3537
   51.00    1.1402   0.9964   -0.3586
   52.00    1.1360   1.0250   -0.3633
   53.00    1.1307   1.0533   -0.3680
   54.00    1.1243   1.0813   -0.3724
   55.00    1.1166   1.1090   -0.3768
   56.00    1.1079   1.1363   -0.3810
   57.00    1.0979   1.1633   -0.3851
   58.00    1.0869   1.1898   -0.3890
   59.00    1.0746   1.2159   -0.3928
   60.00    1.0612   1.2415   -0.3965
   61.00    1.0466   1.2666   -0.4000
   62.00    1.0309   1.2912   -0.4034
   63.00    1.0140   1.3152   -0.4066
   64.00    0.9960   1.3386   -0.4097
   65.00    0.9769   1.3613   -0.4126
   66.00    0.9567   1.3834   -0.4154
   67.00    0.9354   1.4049   -0.4180
   68.00    0.9130   1.4256   -0.4205
   69.00    0.8896   1.4456   -0.4229
   70.00    0.8651   1.4648   -0.4251
   71.00    0.8396   1.4832   -0.4272
   72.00    0.8132   1.5009   -0.4292
   73.00    0.7857   1.5177   -0.4310
   74.00    0.7574   1.5337   -0.4328
   75.00    0.7281   1.5488   -0.4344
   76.00    0.6979   1.5630   -0.4358
   77.00    0.6669   1.5763   -0.4372
   78.00    0.6351   1.5887   -0.4385
   79.00    0.6025   1.6002   -0.4396
   80.00    0.5691   1.6107   -0.4407
   81.00    0.5351   1.6203   -0.4416
   82.00    0.5004   1.6288   -0.4425
   83.00    0.4650   1.6365   -0.4433
   84.00    0.4291   1.6431   -0.4440
   85.00    0.3926   1.6487   -0.4446
   86.00    0.3556   1.6533   -0.4451
   87.00    0.3182   1.6569   -0.4456
   88.00    0.2803   1.6595   -0.4460
   89.00    0.2421   1.6611   -0.4464
   90.00    0.2035   1.6616   -0.4467
   91.00    0.1647   1.6612   -0.4469
   92.00    0.1257   1.6597   -0.4471
   93.00    0.0865   1.6572   -0.4473
   94.00    0.0471   1.6537   -0.4474
   95.00    0.0077   1.6491   -0.4474
   96.00   -0.0318   1.6436   -0.4475
   97.00   -0.0712   1.6370   -0.4475
   98.00   -0.1106   1.6295   -0.4474
   99.00   -0.1498   1.6210   -0.4474
  100.00   -0.1888   1.6115   -0.4473
  101.00   -0.2277   1.6011   -0.4471
  102.00   -0.2662   1.5897   -0.4470
  103.00   -0.3044   1.5774   -0.4468
  104.00   -0.3422   1.5642   -0.4466
  105.00   -0.3796   1.5501   -0.4464
  106.00   -0.4165   1.5351   -0.4461
  107.00   -0.4529   1.5192   -0.4458
  108.00   -0.4917   1.5025   -0.4458
  109.00   -0.5269   1.4850   -0.4454
  110.00   -0.5613   1.4667   -0.4450
  111.00   -0.5950   1.4476   -0.4446
  112.00   -0.6279   1.4277   -0.4441
  113.00   -0.6600   1.4072   -0.4436
  114.00   -0.6913   1.3859   -0.4430
  115.00   -0.7216   1.3639   -0.4424
  116.00   -0.7510   1.3413   -0.4417
  117.00   -0.7794   1.3181   -0.4409
  118.00   -0.8068   1.2943   -0.4401
  119.00   -0.8331   1.2699   -0.4392
  120.00   -0.8582   1.2450   -0.4382
  121.00   -0.8823   1.2195   -0.4371
  122.00   -0.9052   1.1936   -0.4359
  123.00   -0.9268   1.1673   -0.4346
  124.00   -0.9472   1.1406   -0.4332
  125.00   -0.9664   1.1135   -0.4317
  126.00   -0.9843   1.0860   -0.4300
  127.00   -1.0008   1.0583   -0.4282
  128.00   -1.0161   1.0303   -0.4263
  129.00   -1.0299   1.0020   -0.4242
  130.00   -1.0424   0.9735   -0.4219
  131.00   -1.0535   0.9449   -0.4195
  132.00   -1.0633   0.9162   -0.4169
  133.00   -1.0716   0.8873   -0.4142
  134.00   -1.0784   0.8584   -0.4113
  135.00   -1.0839   0.8295   -0.4081
  136.00   -1.0879   0.8005   -0.4048
  137.00   -1.0905   0.7716   -0.4013
  138.00   -1.0917   0.7428   -0.3975
  139.00   -1.0915   0.7141   -0.3936
  140.00   -1.0899   0.6856   -0.3894
  141.00   -1.0868   0.6573   -0.3851
  142.00   -1.0824   0.6291   -0.3805
  143.00   -1.0766   0.6013   -0.3757
  144.00   -1.0695   0.5737   -0.3706
  145.00   -1.0610   0.5464   -0.3654
  146.00   -1.0513   0.5195   -0.3599
  147.00   -1.0403   0.4930   -0.3542
  148.00   -1.0280   0.4669   -0.3482
  149.00   -1.0146   0.4412   -0.3421
  150.00   -1.0000   0.4161   -0.3358
  151.00   -0.9843   0.3914   -0.3292
  152.00   -0.9676   0.3673   -0.3225
  153.00   -0.9500   0.3438   -0.3156
  154.00   -0.9314   0.3208   -0.3085
  155.00   -0.9120   0.2985   -0.3013
  156.00   -0.8919   0.2769   -0.2940
  157.00   -0.8712   0.2559   -0.2865
  158.00   -0.8500   0.2356   -0.2791
  159.00   -0.8286   0.2161   -0.2716
  160.00   -0.8072   0.1973   -0.2642
  161.00   -0.7860   0.1793   -0.2570
  162.00   -0.7653   0.1620   -0.2500
  163.00   -0.7456   0.1456   -0.2434
  164.00   -0.7274   0.1301   -0.2373
  165.00   -0.7112   0.1154   -0.2319
  166.00   -0.6973   0.1015   -0.2274
  167.00   -0.6859   0.0886   -0.2237
  168.00   -0.6764   0.0765   -0.2207
  169.00   -0.6666   0.0654   -0.2177
  170.00   -0.6531   0.0551   -0.2136
  171.00   -0.6315   0.0459   -0.2069
  172.00   -0.5991   0.0375   -0.1967
  173.00   -0.5561   0.0302   -0.1830
  174.00   -0.5053   0.0238   -0.1667
  175.00   -0.4503   0.0184   -0.1490
  176.00   -0.3937   0.0139   -0.1305
  177.00   -0.3367   0.0105   -0.1119
  178.00   -0.2796   0.0080   -0.0932
  179.00   -0.2226   0.0065   -0.0743
  180.00   -0.1656   0.0060   -0.0554
EOT
