Polar "S1223_Re1.000_M0.00_N9.0 360 M" on Foil "S1223" :: generated by QBlade
Converted from QBlade export: Polar "S1223_Re1.000_M0.00_N9.0 360 M" on Foil "S1223" :: generated by QBlade
line
   1        Number of airfoil tables in this file
   1.0     Reynolds numbers in millions
 0.0      Control setting
 0.0      Stall angle (deg)
 0.0      Zero lift angle of attack (deg)
 0.0      Cn slope for zero lift (dimensionless)
 0.0000      Cn at stall value for positive angle of attack
 0.0000      Cn at stall value for negative angle of attack
 0.0      Angle of attack for minimum CD (deg)
   0.00     Minimum CD value
 -180.00   -0.3008   0.0060   -0.1233
 -179.00   -0.2065   0.0065   -0.0842
 -178.00   -0.1140   0.0081   -0.0462
 -177.00   -0.0302   0.0107   -0.0120
 -176.00    0.0334   0.0143   0.0138
 -175.00    0.0690   0.0189   0.0283
 -174.00    0.0813   0.0246   0.0334
 -173.00    0.0820   0.0312   0.0339
 -172.00    0.0809   0.0388   0.0339
 -171.00    0.0822   0.0474   0.0350
 -170.00    0.0866   0.0569   0.0374
 -169.00    0.0934   0.0674   0.0409
 -168.00    0.1017   0.0788   0.0452
 -167.00    0.1106   0.0911   0.0498
 -166.00    0.1195   0.1044   0.0546
 -165.00    0.1278   0.1184   0.0594
 -164.00    0.1353   0.1333   0.0640
 -163.00    0.1416   0.1491   0.0683
 -162.00    0.1466   0.1657   0.0725
 -161.00    0.1502   0.1830   0.0763
 -160.00    0.1523   0.2011   0.0798
 -159.00    0.1529   0.2199   0.0831
 -158.00    0.1519   0.2394   0.0861
 -157.00    0.1493   0.2597   0.0888
 -156.00    0.1453   0.2805   0.0914
 -155.00    0.1397   0.3020   0.0937
 -154.00    0.1327   0.3241   0.0959
 -153.00    0.1244   0.3468   0.0980
 -152.00    0.1147   0.3700   0.1000
 -151.00    0.1037   0.3937   0.1019
 -150.00    0.0916   0.4179   0.1039
 -149.00    0.0784   0.4425   0.1058
 -148.00    0.0642   0.4676   0.1079
 -147.00    0.0491   0.4930   0.1100
 -146.00    0.0332   0.5188   0.1123
 -145.00    0.0166   0.5449   0.1148
 -144.00   -0.0006   0.5714   0.1175
 -143.00   -0.0184   0.5980   0.1204
 -142.00   -0.0365   0.6249   0.1235
 -141.00   -0.0550   0.6520   0.1270
 -140.00   -0.0736   0.6792   0.1307
 -139.00   -0.0923   0.7066   0.1347
 -138.00   -0.1110   0.7340   0.1391
 -137.00   -0.1296   0.7615   0.1438
 -136.00   -0.1479   0.7890   0.1489
 -135.00   -0.1660   0.8166   0.1543
 -134.00   -0.1836   0.8440   0.1601
 -133.00   -0.2007   0.8714   0.1662
 -132.00   -0.2172   0.8987   0.1727
 -131.00   -0.2329   0.9259   0.1795
 -130.00   -0.2480   0.9529   0.1867
 -129.00   -0.2621   0.9796   0.1942
 -128.00   -0.2753   1.0062   0.2019
 -127.00   -0.2875   1.0325   0.2100
 -126.00   -0.2986   1.0585   0.2183
 -125.00   -0.3086   1.0841   0.2268
 -124.00   -0.3174   1.1094   0.2355
 -123.00   -0.3250   1.1343   0.2444
 -122.00   -0.3312   1.1588   0.2535
 -121.00   -0.3362   1.1829   0.2626
 -120.00   -0.3398   1.2065   0.2718
 -119.00   -0.3420   1.2296   0.2811
 -118.00   -0.3428   1.2521   0.2904
 -117.00   -0.3423   1.2741   0.2996
 -116.00   -0.3403   1.2956   0.3087
 -115.00   -0.3369   1.3164   0.3178
 -114.00   -0.3321   1.3366   0.3266
 -113.00   -0.3259   1.3562   0.3353
 -112.00   -0.3183   1.3751   0.3438
 -111.00   -0.3094   1.3933   0.3520
 -110.00   -0.3092   1.4108   0.3589
 -109.00   -0.2980   1.4276   0.3665
 -108.00   -0.2855   1.4436   0.3737
 -107.00   -0.2718   1.4589   0.3805
 -106.00   -0.2570   1.4733   0.3869
 -105.00   -0.2411   1.4870   0.3928
 -104.00   -0.2243   1.4999   0.3982
 -103.00   -0.2065   1.5119   0.4032
 -102.00   -0.1878   1.5231   0.4076
 -101.00   -0.1684   1.5334   0.4114
 -100.00   -0.1483   1.5428   0.4147
  -99.00   -0.1275   1.5514   0.4174
  -98.00   -0.1062   1.5591   0.4195
  -97.00   -0.0845   1.5659   0.4210
  -96.00   -0.0623   1.5718   0.4219
  -95.00   -0.0399   1.5768   0.4222
  -94.00   -0.0174   1.5808   0.4219
  -93.00    0.0053   1.5840   0.4209
  -92.00    0.0280   1.5862   0.4194
  -91.00    0.0506   1.5875   0.4173
  -90.00    0.0731   1.5878   0.4146
  -89.00    0.0952   1.5872   0.4113
  -88.00    0.1170   1.5857   0.4075
  -87.00    0.1384   1.5833   0.4031
  -86.00    0.1593   1.5799   0.3983
  -85.00    0.1795   1.5756   0.3929
  -84.00    0.1991   1.5704   0.3871
  -83.00    0.2179   1.5643   0.3808
  -82.00    0.2358   1.5573   0.3741
  -81.00    0.2529   1.5493   0.3670
  -80.00    0.2690   1.5405   0.3596
  -79.00    0.2840   1.5308   0.3519
  -78.00    0.2980   1.5202   0.3438
  -77.00    0.3109   1.5088   0.3355
  -76.00    0.3225   1.4965   0.3270
  -75.00    0.3329   1.4834   0.3182
  -74.00    0.3421   1.4694   0.3093
  -73.00    0.3499   1.4547   0.3003
  -72.00    0.3565   1.4392   0.2912
  -71.00    0.3616   1.4229   0.2820
  -70.00    0.3654   1.4058   0.2727
  -69.00    0.3679   1.3880   0.2635
  -68.00    0.3689   1.3695   0.2543
  -67.00    0.3685   1.3503   0.2451
  -66.00    0.3668   1.3304   0.2361
  -65.00    0.3637   1.3098   0.2271
  -64.00    0.3593   1.2886   0.2183
  -63.00    0.3535   1.2668   0.2096
  -62.00    0.3464   1.2445   0.2011
  -61.00    0.3380   1.2215   0.1928
  -60.00    0.3283   1.1980   0.1847
  -59.00    0.3175   1.1741   0.1769
  -58.00    0.3055   1.1496   0.1693
  -57.00    0.2924   1.1246   0.1619
  -56.00    0.2782   1.0993   0.1549
  -55.00    0.2630   1.0735   0.1481
  -54.00    0.2468   1.0474   0.1416
  -53.00    0.2298   1.0209   0.1354
  -52.00    0.2119   0.9941   0.1295
  -51.00    0.1932   0.9670   0.1239
  -50.00    0.1739   0.9397   0.1186
  -49.00    0.1540   0.9121   0.1136
  -48.00    0.1335   0.8844   0.1089
  -47.00    0.1125   0.8565   0.1045
  -46.00    0.0911   0.8284   0.1003
  -45.00    0.0694   0.8003   0.0965
  -44.00    0.0474   0.7721   0.0929
  -43.00    0.0253   0.7438   0.0896
  -42.00    0.0031   0.7155   0.0866
  -41.00   -0.0191   0.6873   0.0838
  -40.00   -0.0413   0.6591   0.0813
  -39.00   -0.0634   0.6310   0.0789
  -38.00   -0.0852   0.6031   0.0768
  -37.00   -0.1067   0.5753   0.0749
  -36.00   -0.1279   0.5477   0.0731
  -35.00   -0.1487   0.5203   0.0715
  -34.00   -0.1689   0.4931   0.0701
  -33.00   -0.1885   0.4663   0.0688
  -32.00   -0.2074   0.4397   0.0676
  -31.00   -0.2256   0.4135   0.0665
  -30.00   -0.2428   0.3877   0.0654
  -29.00   -0.2591   0.3624   0.0645
  -28.00   -0.2744   0.3375   0.0636
  -27.00   -0.2883   0.3131   0.0626
  -26.00   -0.3009   0.2892   0.0617
  -25.00   -0.3119   0.2660   0.0607
  -24.00   -0.3212   0.2433   0.0596
  -23.00   -0.3283   0.2214   0.0490
  -22.00   -0.3331   0.2002   0.0384
  -21.00   -0.3351   0.1797   0.0278
  -20.00   -0.3338   0.1602   0.0171
  -19.00   -0.3287   0.1416   0.0065
  -18.00   -0.3191   0.1240   -0.0041
  -17.00   -0.3042   0.1075   -0.0147
  -16.00   -0.2832   0.0922   -0.0253
  -15.00   -0.2550   0.0781   -0.0360
  -14.00   -0.2188   0.0655   -0.0466
  -13.00   -0.1735   0.0542   -0.0572
  -12.00   -0.1182   0.0444   -0.0678
  -11.00   -0.0523   0.0361   -0.0785
  -10.00    0.0246   0.0295   -0.0891
   -9.00    0.1416   0.0966   -0.0997
   -7.00    0.1674   0.0848   -0.1035
   -4.00    0.3208   0.0556   -0.1252
   -3.00    0.8027   0.0128   -0.2613
   -2.00    0.9454   0.0121   -0.2677
    0.00    1.2085   0.0119   -0.2752
    1.00    1.3333   0.0122   -0.2778
    2.00    1.4428   0.0128   -0.2768
    4.00    1.6600   0.0141   -0.2748
    5.00    1.7707   0.0148   -0.2744
    6.00    1.8628   0.0155   -0.2701
    7.00    1.9562   0.0166   -0.2664
    8.00    2.0479   0.0177   -0.2625
    9.00    2.1358   0.0190   -0.2580
   10.00    2.2203   0.0204   -0.2532
   11.00    2.2960   0.0223   -0.2470
   12.00    2.3575   0.0253   -0.2389
   13.00    2.3932   0.0303   -0.2276
   14.00    2.4044   0.0376   -0.2145
   15.00    2.3952   0.0479   -0.2025
   16.00    2.3634   0.0629   -0.1940
   17.00    2.2916   0.0872   -0.1923
   18.00    2.2004   0.1171   -0.1975
   19.00    2.1392   0.1421   -0.2055
   20.00    2.1047   0.1622   -0.2143
   21.00    2.0903   0.1538   -0.2219
   22.00    2.0484   0.1780   -0.2296
   23.00    2.0128   0.2033   -0.2372
   24.00    1.9837   0.2296   -0.2448
   25.00    1.9610   0.2567   -0.2525
   26.00    1.9443   0.2846   -0.2601
   27.00    1.9331   0.3131   -0.2677
   28.00    1.9268   0.3421   -0.2754
   29.00    1.9247   0.3717   -0.2830
   30.00    1.9262   0.4017   -0.2906
   31.00    1.9307   0.4321   -0.2982
   32.00    1.9376   0.4630   -0.3059
   33.00    1.9464   0.4942   -0.3135
   34.00    1.9567   0.5257   -0.3211
   35.00    1.9680   0.5575   -0.3288
   36.00    1.9799   0.5896   -0.3348
   37.00    1.9922   0.6220   -0.3410
   38.00    2.0045   0.6546   -0.3472
   39.00    2.0165   0.6873   -0.3535
   40.00    2.0281   0.7203   -0.3599
   41.00    2.0390   0.7534   -0.3662
   42.00    2.0490   0.7865   -0.3724
   43.00    2.0580   0.8198   -0.3786
   44.00    2.0658   0.8531   -0.3847
   45.00    2.0723   0.8864   -0.3906
   46.00    2.0773   0.9196   -0.3964
   47.00    2.0808   0.9528   -0.4021
   48.00    2.0827   0.9860   -0.4076
   49.00    2.0828   1.0189   -0.4128
   50.00    2.0811   1.0517   -0.4179
   51.00    2.0775   1.0843   -0.4228
   52.00    2.0720   1.1167   -0.4274
   53.00    2.0646   1.1487   -0.4319
   54.00    2.0551   1.1805   -0.4360
   55.00    2.0435   1.2119   -0.4400
   56.00    2.0298   1.2429   -0.4437
   57.00    2.0141   1.2735   -0.4472
   58.00    1.9961   1.3036   -0.4504
   59.00    1.9761   1.3332   -0.4534
   60.00    1.9538   1.3623   -0.4562
   61.00    1.9294   1.3908   -0.4587
   62.00    1.9029   1.4187   -0.4610
   63.00    1.8742   1.4460   -0.4631
   64.00    1.8433   1.4726   -0.4649
   65.00    1.8103   1.4985   -0.4666
   66.00    1.7752   1.5236   -0.4681
   67.00    1.7380   1.5480   -0.4694
   68.00    1.6987   1.5716   -0.4705
   69.00    1.6574   1.5944   -0.4714
   70.00    1.6141   1.6163   -0.4722
   71.00    1.5688   1.6373   -0.4729
   72.00    1.5216   1.6575   -0.4735
   73.00    1.4726   1.6767   -0.4739
   74.00    1.4217   1.6949   -0.4743
   75.00    1.3691   1.7121   -0.4745
   76.00    1.3148   1.7284   -0.4748
   77.00    1.2588   1.7436   -0.4749
   78.00    1.2013   1.7578   -0.4751
   79.00    1.1422   1.7709   -0.4752
   80.00    1.0817   1.7830   -0.4754
   81.00    1.0198   1.7939   -0.4756
   82.00    0.9567   1.8038   -0.4758
   83.00    0.8923   1.8125   -0.4760
   84.00    0.8267   1.8201   -0.4764
   85.00    0.7601   1.8266   -0.4768
   86.00    0.6926   1.8319   -0.4774
   87.00    0.6241   1.8361   -0.4780
   88.00    0.5549   1.8391   -0.4788
   89.00    0.4849   1.8410   -0.4798
   90.00    0.4144   1.8417   -0.4809
   91.00    0.3433   1.8412   -0.4821
   92.00    0.2718   1.8396   -0.4836
   93.00    0.2000   1.8368   -0.4852
   94.00    0.1280   1.8328   -0.4871
   95.00    0.0558   1.8277   -0.4891
   96.00   -0.0163   1.8215   -0.4914
   97.00   -0.0884   1.8141   -0.4939
   98.00   -0.1604   1.8056   -0.4966
   99.00   -0.2320   1.7960   -0.4996
  100.00   -0.3033   1.7853   -0.5027
  101.00   -0.3740   1.7735   -0.5061
  102.00   -0.4442   1.7606   -0.5098
  103.00   -0.5137   1.7467   -0.5136
  104.00   -0.5824   1.7317   -0.5177
  105.00   -0.6502   1.7158   -0.5219
  106.00   -0.7170   1.6988   -0.5264
  107.00   -0.7827   1.6808   -0.5310
  108.00   -0.8577   1.6619   -0.5368
  109.00   -0.9208   1.6421   -0.5418
  110.00   -0.9824   1.6214   -0.5470
  111.00   -1.0426   1.5998   -0.5523
  112.00   -1.1012   1.5774   -0.5578
  113.00   -1.1582   1.5542   -0.5633
  114.00   -1.2135   1.5301   -0.5689
  115.00   -1.2670   1.5053   -0.5745
  116.00   -1.3185   1.4798   -0.5802
  117.00   -1.3681   1.4537   -0.5859
  118.00   -1.4157   1.4268   -0.5915
  119.00   -1.4611   1.3993   -0.5971
  120.00   -1.5044   1.3713   -0.6027
  121.00   -1.5454   1.3427   -0.6081
  122.00   -1.5841   1.3136   -0.6134
  123.00   -1.6204   1.2840   -0.6185
  124.00   -1.6544   1.2540   -0.6234
  125.00   -1.6859   1.2236   -0.6281
  126.00   -1.7148   1.1928   -0.6325
  127.00   -1.7413   1.1617   -0.6367
  128.00   -1.7651   1.1304   -0.6405
  129.00   -1.7864   1.0988   -0.6440
  130.00   -1.8050   1.0669   -0.6471
  131.00   -1.8210   1.0350   -0.6498
  132.00   -1.8343   1.0029   -0.6520
  133.00   -1.8450   0.9707   -0.6538
  134.00   -1.8530   0.9385   -0.6551
  135.00   -1.8584   0.9063   -0.6558
  136.00   -1.8611   0.8741   -0.6560
  137.00   -1.8611   0.8420   -0.6557
  138.00   -1.8586   0.8100   -0.6547
  139.00   -1.8534   0.7782   -0.6532
  140.00   -1.8457   0.7466   -0.6510
  141.00   -1.8355   0.7152   -0.6482
  142.00   -1.8228   0.6841   -0.6447
  143.00   -1.8077   0.6533   -0.6405
  144.00   -1.7902   0.6229   -0.6357
  145.00   -1.7704   0.5928   -0.6302
  146.00   -1.7484   0.5632   -0.6240
  147.00   -1.7242   0.5340   -0.6172
  148.00   -1.6979   0.5054   -0.6096
  149.00   -1.6697   0.4772   -0.6014
  150.00   -1.6396   0.4496   -0.5926
  151.00   -1.6076   0.4226   -0.5831
  152.00   -1.5741   0.3963   -0.5730
  153.00   -1.5390   0.3705   -0.5623
  154.00   -1.5025   0.3455   -0.5510
  155.00   -1.4647   0.3212   -0.5393
  156.00   -1.4259   0.2976   -0.5271
  157.00   -1.3863   0.2748   -0.5144
  158.00   -1.3460   0.2528   -0.5015
  159.00   -1.3054   0.2316   -0.4883
  160.00   -1.2648   0.2112   -0.4751
  161.00   -1.2246   0.1918   -0.4618
  162.00   -1.1853   0.1731   -0.4488
  163.00   -1.1477   0.1554   -0.4364
  164.00   -1.1125   0.1387   -0.4247
  165.00   -1.0809   0.1228   -0.4143
  166.00   -1.0542   0.1079   -0.4057
  167.00   -1.0338   0.0940   -0.3994
  168.00   -1.0206   0.0811   -0.3959
  169.00   -1.0142   0.0692   -0.3951
  170.00   -1.0109   0.0583   -0.3956
  171.00   -1.0022   0.0484   -0.3940
  172.00   -0.9772   0.0395   -0.3860
  173.00   -0.9284   0.0316   -0.3686
  174.00   -0.8571   0.0248   -0.3420
  175.00   -0.7711   0.0191   -0.3092
  176.00   -0.6786   0.0144   -0.2734
  177.00   -0.5842   0.0107   -0.2365
  178.00   -0.4898   0.0081   -0.1991
  179.00   -0.3953   0.0065   -0.1614
  180.00   -0.3008   0.0060   -0.1233
EOT
