Polar "SG6050_Re0.800_M0.00_N9.0 360 M" on Foil "SG6050" :: generated by QBlade
Converted from QBlade export: Polar "SG6050_Re0.800_M0.00_N9.0 360 M" on Foil "SG6050" :: generated by QBlade
line
   1        Number of airfoil tables in this file
   1.0     Reynolds numbers in millions
 0.0      Control setting
 0.0      Stall angle (deg)
 0.0      Zero lift angle of attack (deg)
 0.0      Cn slope for zero lift (dimensionless)
 0.0000      Cn at stall value for positive angle of attack
 0.0000      Cn at stall value for negative angle of attack
 0.0      Angle of attack for minimum CD (deg)
   0.00     Minimum CD value
 -180.00   -0.0962   0.0060   -0.0350
 -179.00   -0.0114   0.0065   -0.0041
 -178.00    0.0576   0.0080   0.0209
 -177.00    0.1082   0.0106   0.0391
 -176.00    0.1427   0.0142   0.0515
 -175.00    0.1667   0.0188   0.0601
 -174.00    0.1852   0.0243   0.0667
 -173.00    0.2017   0.0309   0.0726
 -172.00    0.2178   0.0385   0.0785
 -171.00    0.2343   0.0470   0.0845
 -170.00    0.2514   0.0565   0.0908
 -169.00    0.2691   0.0669   0.0974
 -168.00    0.2870   0.0783   0.1042
 -167.00    0.3050   0.0906   0.1110
 -166.00    0.3230   0.1038   0.1180
 -165.00    0.3406   0.1179   0.1249
 -164.00    0.3579   0.1329   0.1319
 -163.00    0.3747   0.1487   0.1388
 -162.00    0.3908   0.1653   0.1456
 -161.00    0.4063   0.1828   0.1523
 -160.00    0.4210   0.2010   0.1589
 -159.00    0.4348   0.2200   0.1654
 -158.00    0.4479   0.2397   0.1717
 -157.00    0.4601   0.2601   0.1780
 -156.00    0.4713   0.2812   0.1841
 -155.00    0.4817   0.3030   0.1902
 -154.00    0.4911   0.3254   0.1961
 -153.00    0.4996   0.3484   0.2019
 -152.00    0.5071   0.3720   0.2076
 -151.00    0.5137   0.3962   0.2133
 -150.00    0.5194   0.4208   0.2189
 -149.00    0.5242   0.4460   0.2243
 -148.00    0.5280   0.4716   0.2298
 -147.00    0.5310   0.4976   0.2351
 -146.00    0.5331   0.5240   0.2405
 -145.00    0.5343   0.5507   0.2457
 -144.00    0.5346   0.5778   0.2510
 -143.00    0.5341   0.6052   0.2562
 -142.00    0.5328   0.6329   0.2614
 -141.00    0.5308   0.6607   0.2666
 -140.00    0.5279   0.6888   0.2717
 -139.00    0.5243   0.7170   0.2769
 -138.00    0.5201   0.7453   0.2821
 -137.00    0.5151   0.7737   0.2872
 -136.00    0.5094   0.8022   0.2924
 -135.00    0.5032   0.8307   0.2975
 -134.00    0.4963   0.8592   0.3027
 -133.00    0.4889   0.8876   0.3078
 -132.00    0.4809   0.9160   0.3130
 -131.00    0.4723   0.9442   0.3181
 -130.00    0.4633   0.9723   0.3233
 -129.00    0.4538   1.0001   0.3284
 -128.00    0.4439   1.0278   0.3336
 -127.00    0.4336   1.0552   0.3387
 -126.00    0.4228   1.0824   0.3438
 -125.00    0.4117   1.1092   0.3489
 -124.00    0.4003   1.1356   0.3539
 -123.00    0.3886   1.1617   0.3589
 -122.00    0.3766   1.1874   0.3638
 -121.00    0.3643   1.2126   0.3687
 -120.00    0.3517   1.2373   0.3735
 -119.00    0.3390   1.2616   0.3782
 -118.00    0.3261   1.2853   0.3828
 -117.00    0.3129   1.3084   0.3874
 -116.00    0.2997   1.3310   0.3918
 -115.00    0.2862   1.3529   0.3961
 -114.00    0.2683   1.3742   0.3998
 -113.00    0.2545   1.3948   0.4038
 -112.00    0.2407   1.4148   0.4078
 -111.00    0.2269   1.4340   0.4115
 -110.00    0.2129   1.4525   0.4151
 -109.00    0.1989   1.4702   0.4185
 -108.00    0.1849   1.4872   0.4217
 -107.00    0.1708   1.5033   0.4247
 -106.00    0.1567   1.5187   0.4275
 -105.00    0.1426   1.5331   0.4301
 -104.00    0.1285   1.5468   0.4325
 -103.00    0.1145   1.5595   0.4346
 -102.00    0.1004   1.5714   0.4365
 -101.00    0.0863   1.5824   0.4381
 -100.00    0.0723   1.5924   0.4395
  -99.00    0.0583   1.6016   0.4406
  -98.00    0.0444   1.6098   0.4415
  -97.00    0.0305   1.6170   0.4421
  -96.00    0.0166   1.6233   0.4424
  -95.00    0.0028   1.6286   0.4425
  -94.00   -0.0110   1.6330   0.4422
  -93.00   -0.0247   1.6364   0.4417
  -92.00   -0.0384   1.6388   0.4410
  -91.00   -0.0519   1.6402   0.4399
  -90.00   -0.0655   1.6406   0.4386
  -89.00   -0.0789   1.6401   0.4370
  -88.00   -0.0923   1.6386   0.4351
  -87.00   -0.1057   1.6361   0.4330
  -86.00   -0.1189   1.6326   0.4306
  -85.00   -0.1321   1.6281   0.4279
  -84.00   -0.1452   1.6227   0.4250
  -83.00   -0.1583   1.6163   0.4219
  -82.00   -0.1712   1.6089   0.4185
  -81.00   -0.1841   1.6006   0.4148
  -80.00   -0.1969   1.5914   0.4110
  -79.00   -0.2096   1.5812   0.4069
  -78.00   -0.2223   1.5701   0.4026
  -77.00   -0.2348   1.5581   0.3981
  -76.00   -0.2472   1.5452   0.3935
  -75.00   -0.2595   1.5315   0.3886
  -74.00   -0.2717   1.5168   0.3836
  -73.00   -0.2838   1.5014   0.3784
  -72.00   -0.2958   1.4851   0.3731
  -71.00   -0.3077   1.4680   0.3676
  -70.00   -0.3194   1.4501   0.3620
  -69.00   -0.3310   1.4315   0.3563
  -68.00   -0.3424   1.4121   0.3505
  -67.00   -0.3537   1.3920   0.3446
  -66.00   -0.3649   1.3712   0.3386
  -65.00   -0.3758   1.3497   0.3325
  -64.00   -0.3866   1.3275   0.3264
  -63.00   -0.3972   1.3048   0.3202
  -62.00   -0.4076   1.2814   0.3140
  -61.00   -0.4178   1.2575   0.3078
  -60.00   -0.4278   1.2330   0.3015
  -59.00   -0.4376   1.2080   0.2953
  -58.00   -0.4471   1.1825   0.2890
  -57.00   -0.4564   1.1566   0.2828
  -56.00   -0.4655   1.1302   0.2766
  -55.00   -0.4743   1.1035   0.2704
  -54.00   -0.4829   1.0763   0.2642
  -53.00   -0.4912   1.0489   0.2581
  -52.00   -0.4993   1.0211   0.2521
  -51.00   -0.5070   0.9930   0.2461
  -50.00   -0.5146   0.9647   0.2402
  -49.00   -0.5218   0.9362   0.2344
  -48.00   -0.5288   0.9075   0.2287
  -47.00   -0.5356   0.8786   0.2231
  -46.00   -0.5421   0.8497   0.2176
  -45.00   -0.5483   0.8206   0.2122
  -44.00   -0.5544   0.7915   0.2070
  -43.00   -0.5603   0.7623   0.2018
  -42.00   -0.5660   0.7332   0.1968
  -41.00   -0.5716   0.7040   0.1920
  -40.00   -0.5771   0.6750   0.1874
  -39.00   -0.5826   0.6460   0.1829
  -38.00   -0.5882   0.6171   0.1786
  -37.00   -0.5938   0.5884   0.1745
  -36.00   -0.5997   0.5598   0.1707
  -35.00   -0.6059   0.5314   0.1671
  -34.00   -0.6125   0.5032   0.1637
  -33.00   -0.6197   0.4753   0.1607
  -32.00   -0.6277   0.4476   0.1580
  -31.00   -0.6366   0.4201   0.1557
  -30.00   -0.6467   0.3929   0.1537
  -29.00   -0.6583   0.3661   0.1523
  -28.00   -0.6716   0.3395   0.1513
  -27.00   -0.6870   0.3132   0.1509
  -26.00   -0.7047   0.2873   0.1511
  -25.00   -0.7252   0.2618   0.1360
  -24.00   -0.7487   0.2367   0.1209
  -23.00   -0.7754   0.2120   0.1058
  -22.00   -0.8052   0.1879   0.0908
  -21.00   -0.8381   0.1644   0.0757
  -20.00   -0.8731   0.1418   0.0606
  -19.00   -0.9089   0.1202   0.0456
  -18.00   -0.9434   0.0999   0.0305
  -17.00   -0.9734   0.0814   0.0154
  -16.00   -0.9951   0.0648   0.0004
  -15.00   -1.0041   0.0506   -0.0147
  -14.00   -0.9963   0.0390   -0.0298
  -13.00   -0.9686   0.0300   -0.0449
  -12.00   -0.9199   0.0235   -0.0599
  -11.00   -0.8317   0.0211   -0.0750
  -10.00   -0.7538   0.0169   -0.0716
   -9.00   -0.6533   0.0146   -0.0709
   -8.00   -0.5446   0.0131   -0.0712
   -7.00   -0.4340   0.0114   -0.0723
   -6.00   -0.3179   0.0108   -0.0738
   -5.00   -0.2007   0.0101   -0.0755
   -4.00   -0.0858   0.0086   -0.0776
   -3.00    0.0332   0.0082   -0.0795
   -2.00    0.1531   0.0081   -0.0815
   -1.00    0.2724   0.0080   -0.0834
    0.00    0.3924   0.0080   -0.0855
    1.00    0.5110   0.0079   -0.0874
    2.00    0.6286   0.0078   -0.0894
    3.00    0.7352   0.0072   -0.0884
    4.00    0.8377   0.0075   -0.0863
    5.00    0.9560   0.0080   -0.0886
    6.00    1.0665   0.0087   -0.0894
    7.00    1.1703   0.0098   -0.0891
    8.00    1.2637   0.0114   -0.0871
    9.00    1.3380   0.0136   -0.0820
   10.00    1.3804   0.0167   -0.0718
   11.00    1.4176   0.0210   -0.0635
   12.00    1.4450   0.0267   -0.0564
   13.00    1.4370   0.0363   -0.0487
   14.00    1.4517   0.0447   -0.0446
   15.00    1.4582   0.0551   -0.0421
   16.00    1.4499   0.0683   -0.0414
   17.00    1.4275   0.0838   -0.0427
   18.00    1.3983   0.1014   -0.0462
   19.00    1.3709   0.1196   -0.0517
   20.00    1.3416   0.1386   -0.0596
   21.00    1.3376   0.1652   -0.0738
   22.00    1.3163   0.1875   -0.0879
   23.00    1.2977   0.2106   -0.1021
   24.00    1.2821   0.2347   -0.1163
   25.00    1.2695   0.2595   -0.1305
   26.00    1.2596   0.2850   -0.1446
   27.00    1.2524   0.3112   -0.1588
   28.00    1.2475   0.3379   -0.1730
   29.00    1.2447   0.3652   -0.1871
   30.00    1.2437   0.3930   -0.2013
   31.00    1.2442   0.4212   -0.2155
   32.00    1.2460   0.4498   -0.2297
   33.00    1.2489   0.4788   -0.2438
   34.00    1.2525   0.5082   -0.2580
   35.00    1.2567   0.5379   -0.2722
   36.00    1.2613   0.5678   -0.2770
   37.00    1.2662   0.5981   -0.2820
   38.00    1.2711   0.6285   -0.2872
   39.00    1.2759   0.6592   -0.2924
   40.00    1.2805   0.6900   -0.2978
   41.00    1.2848   0.7210   -0.3032
   42.00    1.2886   0.7520   -0.3087
   43.00    1.2919   0.7832   -0.3142
   44.00    1.2945   0.8143   -0.3197
   45.00    1.2965   0.8455   -0.3252
   46.00    1.2976   0.8766   -0.3306
   47.00    1.2978   0.9077   -0.3361
   48.00    1.2972   0.9386   -0.3414
   49.00    1.2955   0.9694   -0.3467
   50.00    1.2929   1.0001   -0.3519
   51.00    1.2891   1.0305   -0.3570
   52.00    1.2842   1.0607   -0.3621
   53.00    1.2782   1.0906   -0.3670
   54.00    1.2710   1.1202   -0.3718
   55.00    1.2626   1.1495   -0.3765
   56.00    1.2530   1.1784   -0.3810
   57.00    1.2421   1.2069   -0.3854
   58.00    1.2300   1.2349   -0.3897
   59.00    1.2166   1.2625   -0.3939
   60.00    1.2019   1.2895   -0.3979
   61.00    1.1859   1.3160   -0.4017
   62.00    1.1686   1.3420   -0.4054
   63.00    1.1500   1.3673   -0.4090
   64.00    1.1301   1.3920   -0.4124
   65.00    1.1089   1.4160   -0.4157
   66.00    1.0865   1.4394   -0.4188
   67.00    1.0628   1.4620   -0.4218
   68.00    1.0378   1.4839   -0.4247
   69.00    1.0116   1.5050   -0.4274
   70.00    0.9842   1.5253   -0.4299
   71.00    0.9556   1.5447   -0.4324
   72.00    0.9259   1.5634   -0.4347
   73.00    0.8950   1.5811   -0.4369
   74.00    0.8629   1.5980   -0.4389
   75.00    0.8299   1.6140   -0.4409
   76.00    0.7957   1.6290   -0.4427
   77.00    0.7606   1.6431   -0.4445
   78.00    0.7245   1.6562   -0.4461
   79.00    0.6875   1.6683   -0.4476
   80.00    0.6496   1.6795   -0.4491
   81.00    0.6108   1.6896   -0.4505
   82.00    0.5713   1.6987   -0.4518
   83.00    0.5310   1.7068   -0.4530
   84.00    0.4900   1.7138   -0.4542
   85.00    0.4483   1.7198   -0.4553
   86.00    0.4061   1.7247   -0.4564
   87.00    0.3634   1.7286   -0.4574
   88.00    0.3201   1.7314   -0.4584
   89.00    0.2765   1.7331   -0.4594
   90.00    0.2325   1.7338   -0.4603
   91.00    0.1881   1.7334   -0.4612
   92.00    0.1436   1.7319   -0.4621
   93.00    0.0988   1.7293   -0.4629
   94.00    0.0539   1.7257   -0.4638
   95.00    0.0090   1.7210   -0.4646
   96.00   -0.0359   1.7152   -0.4654
   97.00   -0.0808   1.7084   -0.4663
   98.00   -0.1255   1.7006   -0.4671
   99.00   -0.1701   1.6917   -0.4679
  100.00   -0.2144   1.6819   -0.4687
  101.00   -0.2583   1.6710   -0.4695
  102.00   -0.3019   1.6591   -0.4703
  103.00   -0.3450   1.6462   -0.4711
  104.00   -0.3876   1.6324   -0.4719
  105.00   -0.4296   1.6177   -0.4727
  106.00   -0.4710   1.6020   -0.4734
  107.00   -0.5117   1.5854   -0.4742
  108.00   -0.5517   1.5679   -0.4749
  109.00   -0.5908   1.5496   -0.4756
  110.00   -0.6290   1.5304   -0.4762
  111.00   -0.6663   1.5104   -0.4768
  112.00   -0.7026   1.4897   -0.4774
  113.00   -0.7379   1.4681   -0.4779
  114.00   -0.7721   1.4459   -0.4783
  115.00   -0.8051   1.4229   -0.4787
  116.00   -0.8370   1.3992   -0.4789
  117.00   -0.8676   1.3749   -0.4791
  118.00   -0.8969   1.3500   -0.4792
  119.00   -0.9348   1.3245   -0.4806
  120.00   -0.9613   1.2984   -0.4805
  121.00   -0.9864   1.2718   -0.4802
  122.00   -1.0101   1.2448   -0.4798
  123.00   -1.0323   1.2172   -0.4792
  124.00   -1.0530   1.1893   -0.4785
  125.00   -1.0721   1.1609   -0.4776
  126.00   -1.0898   1.1322   -0.4765
  127.00   -1.1058   1.1032   -0.4751
  128.00   -1.1203   1.0739   -0.4736
  129.00   -1.1331   1.0443   -0.4719
  130.00   -1.1443   1.0146   -0.4699
  131.00   -1.1539   0.9847   -0.4677
  132.00   -1.1619   0.9546   -0.4652
  133.00   -1.1682   0.9245   -0.4625
  134.00   -1.1728   0.8943   -0.4595
  135.00   -1.1759   0.8640   -0.4562
  136.00   -1.1772   0.8338   -0.4526
  137.00   -1.1770   0.8036   -0.4487
  138.00   -1.1751   0.7735   -0.4446
  139.00   -1.1716   0.7436   -0.4401
  140.00   -1.1665   0.7138   -0.4353
  141.00   -1.1598   0.6842   -0.4303
  142.00   -1.1516   0.6548   -0.4249
  143.00   -1.1419   0.6258   -0.4191
  144.00   -1.1306   0.5970   -0.4131
  145.00   -1.1179   0.5685   -0.4068
  146.00   -1.1038   0.5405   -0.4001
  147.00   -1.0883   0.5128   -0.3931
  148.00   -1.0715   0.4856   -0.3859
  149.00   -1.0533   0.4588   -0.3783
  150.00   -1.0339   0.4326   -0.3704
  151.00   -1.0132   0.4069   -0.3622
  152.00   -0.9915   0.3818   -0.3538
  153.00   -0.9686   0.3573   -0.3451
  154.00   -0.9446   0.3334   -0.3361
  155.00   -0.9197   0.3101   -0.3268
  156.00   -0.8939   0.2876   -0.3174
  157.00   -0.8672   0.2657   -0.3077
  158.00   -0.8398   0.2446   -0.2978
  159.00   -0.8116   0.2243   -0.2877
  160.00   -0.7828   0.2048   -0.2775
  161.00   -0.7534   0.1860   -0.2671
  162.00   -0.7236   0.1681   -0.2566
  163.00   -0.6934   0.1510   -0.2460
  164.00   -0.6630   0.1349   -0.2354
  165.00   -0.6323   0.1196   -0.2247
  166.00   -0.6016   0.1052   -0.2140
  167.00   -0.5708   0.0917   -0.2033
  168.00   -0.5402   0.0792   -0.1926
  169.00   -0.5098   0.0676   -0.1820
  170.00   -0.4797   0.0570   -0.1716
  171.00   -0.4499   0.0474   -0.1612
  172.00   -0.4203   0.0387   -0.1509
  173.00   -0.3909   0.0311   -0.1407
  174.00   -0.3612   0.0244   -0.1303
  175.00   -0.3305   0.0188   -0.1196
  176.00   -0.2975   0.0142   -0.1080
  177.00   -0.2604   0.0106   -0.0948
  178.00   -0.2165   0.0081   -0.0790
  179.00   -0.1627   0.0065   -0.0596
  180.00   -0.0962   0.0060   -0.0353
EOT
