AeroDyn airfoil file Created with QBlade CE v2.0.9.5_beta windows on 23.04.2026 at 11:27:17 Compatible with AeroDyn v13.0.
Polar "SD7062_Re0.800_M0.00_N9.0 360 M" on Foil "SD7062" :: generated by QBlade
1              Number of airfoil tables in this file
0              Table ID parameter
0.00           Stall angle (deg)
0              No longer used, enter zero
0              No longer used, enter zero
0              No longer used, enter zero
0.00           Angle of attack for zero Cn for linear Cn curve (deg)
0.00000        Cn slope for zero lift for linear Cn curve (1/rad)
0.0000         Cn at stall value for positive angle of attack for linear Cn curve
0.0000         Cn at stall value for negative angle of attack for linear Cn curve
0.00           Angle of attack for minimum CD (deg)
0.0000         Minimum CD value
  -180.000 -0.121004  0.006001 -0.042658
  -179.000 -0.037704  0.006517 -0.013214
  -178.000  0.033536  0.008066  0.011851
  -177.000  0.087878  0.010643  0.030887
  -176.000  0.125445  0.014242  0.043995
  -175.000  0.150664  0.018859  0.052783
  -174.000  0.168973  0.024485  0.059190
  -173.000  0.184467  0.031111  0.064662
  -172.000  0.199440  0.038729  0.070011
  -171.000  0.214877  0.047326  0.075585
  -170.000  0.231028  0.056892  0.081476
  -169.000  0.247802  0.067411  0.087660
  -168.000  0.264981  0.078870  0.094070
  -167.000  0.282325  0.091254  0.100631
  -166.000  0.299609  0.104545  0.107275
  -165.000  0.316637  0.118725  0.113946
  -164.000  0.333252  0.133777  0.120601
  -163.000  0.349321  0.149680  0.127205
  -162.000  0.364741  0.166414  0.133733
  -161.000  0.379429  0.183956  0.140170
  -160.000  0.393320  0.202284  0.146503
  -159.000  0.406362  0.221374  0.152727
  -158.000  0.418517  0.241203  0.158837
  -157.000  0.429757  0.261744  0.164836
  -156.000  0.440060  0.282971  0.170726
  -155.000  0.449413  0.304858  0.176511
  -154.000  0.457809  0.327377  0.182197
  -153.000  0.465245  0.350500  0.187792
  -152.000  0.471725  0.374197  0.193304
  -151.000  0.477253  0.398440  0.198740
  -150.000  0.481841  0.423197  0.204111
  -149.000  0.485500  0.448438  0.209426
  -148.000  0.488248  0.474132  0.214692
  -147.000  0.490100  0.500247  0.219921
  -146.000  0.491079  0.526750  0.225120
  -145.000  0.491207  0.553609  0.230298
  -144.000  0.490507  0.580791  0.235464
  -143.000  0.489005  0.608262  0.240624
  -142.000  0.486727  0.635990  0.245786
  -141.000  0.483703  0.663939  0.250956
  -140.000  0.479961  0.692076  0.256139
  -139.000  0.475530  0.720367  0.261342
  -138.000  0.470442  0.748777  0.266566
  -137.000  0.464727  0.777272  0.271816
  -136.000  0.458417  0.805817  0.277094
  -135.000  0.451544  0.834377  0.282401
  -134.000  0.444139  0.862919  0.287738
  -133.000  0.436234  0.891407  0.293104
  -132.000  0.427861  0.919808  0.298498
  -131.000  0.419051  0.948087  0.303917
  -130.000  0.409835  0.976210  0.309358
  -129.000  0.400244  1.004143  0.314817
  -128.000  0.390308  1.031854  0.320289
  -127.000  0.380056  1.059308  0.325768
  -126.000  0.369518  1.086474  0.331247
  -125.000  0.358720  1.113318  0.336719
  -124.000  0.347690  1.139809  0.342176
  -123.000  0.336454  1.165914  0.347608
  -122.000  0.325037  1.191604  0.353007
  -121.000  0.313464  1.216847  0.358363
  -120.000  0.301756  1.241613  0.363664
  -119.000  0.289936  1.265874  0.368900
  -118.000  0.278024  1.289600  0.374059
  -117.000  0.266040  1.312762  0.379129
  -116.000  0.254001  1.335335  0.384099
  -115.000  0.241926  1.357291  0.388956
  -114.000  0.229829  1.378603  0.393689
  -113.000  0.215261  1.399248  0.398004
  -112.000  0.203149  1.419200  0.402461
  -111.000  0.191052  1.438436  0.406755
  -110.000  0.178981  1.456934  0.410874
  -109.000  0.166945  1.474671  0.414808
  -108.000  0.154953  1.491626  0.418545
  -107.000  0.143013  1.507781  0.422072
  -106.000  0.131130  1.523115  0.425380
  -105.000  0.119309  1.537610  0.428458
  -104.000  0.107555  1.551250  0.431296
  -103.000  0.095871  1.564019  0.433886
  -102.000  0.084259  1.575902  0.436217
  -101.000  0.072721  1.586883  0.438284
  -100.000  0.061256  1.596952  0.440077
   -99.000  0.049866  1.606095  0.441591
   -98.000  0.038548  1.614303  0.442820
   -97.000  0.027302  1.621565  0.443759
   -96.000  0.016127  1.627872  0.444404
   -95.000  0.005019  1.633218  0.444752
   -94.000 -0.006025  1.637596  0.444799
   -93.000 -0.017006  1.641002  0.444546
   -92.000 -0.027929  1.643430  0.443990
   -91.000 -0.038798  1.644877  0.443132
   -90.000 -0.049614  1.645344  0.441974
   -89.000 -0.060383  1.644827  0.440517
   -88.000 -0.071108  1.643329  0.438764
   -87.000 -0.081791  1.640851  0.436718
   -86.000 -0.092437  1.637395  0.434384
   -85.000 -0.103049  1.632965  0.431767
   -84.000 -0.113628  1.627568  0.428873
   -83.000 -0.124178  1.621207  0.425709
   -82.000 -0.134700  1.613893  0.422282
   -81.000 -0.145196  1.605631  0.418600
   -80.000 -0.155667  1.596433  0.414672
   -79.000 -0.166113  1.586308  0.410507
   -78.000 -0.176535  1.575269  0.406114
   -77.000 -0.186930  1.563328  0.401504
   -76.000 -0.197297  1.550500  0.396687
   -75.000 -0.207635  1.536798  0.391675
   -74.000 -0.217941  1.522238  0.386478
   -73.000 -0.228210  1.506839  0.381109
   -72.000 -0.238437  1.490617  0.375579
   -71.000 -0.248619  1.473592  0.369900
   -70.000 -0.258748  1.455782  0.364084
   -69.000 -0.268817  1.437210  0.358144
   -68.000 -0.278820  1.417896  0.352092
   -67.000 -0.288747  1.397862  0.345940
   -66.000 -0.298589  1.377133  0.339701
   -65.000 -0.308337  1.355733  0.333385
   -64.000 -0.317979  1.333685  0.327006
   -63.000 -0.327504  1.311016  0.320575
   -62.000 -0.336901  1.287753  0.314103
   -61.000 -0.346156  1.263922  0.307602
   -60.000 -0.355257  1.239550  0.301082
   -59.000 -0.364189  1.214668  0.294554
   -58.000 -0.372939  1.189302  0.288028
   -57.000 -0.381493  1.163483  0.281514
   -56.000 -0.389835  1.137241  0.275021
   -55.000 -0.397950  1.110606  0.268559
   -54.000 -0.405824  1.083610  0.262135
   -53.000 -0.413442  1.056283  0.255759
   -52.000 -0.420789  1.028657  0.249436
   -51.000 -0.427850  1.000765  0.243176
   -50.000 -0.434611  0.972638  0.236983
   -49.000 -0.441059  0.944308  0.230866
   -48.000 -0.447181  0.915810  0.224829
   -47.000 -0.452964  0.887174  0.218878
   -46.000 -0.458399  0.858435  0.213018
   -45.000 -0.463476  0.829624  0.207255
   -44.000 -0.468188  0.800775  0.201592
   -43.000 -0.472529  0.771919  0.196035
   -42.000 -0.476497  0.743090  0.190587
   -41.000 -0.480090  0.714320  0.185253
   -40.000 -0.483313  0.685639  0.180037
   -39.000 -0.486173  0.657081  0.174944
   -38.000 -0.488682  0.628674  0.169979
   -37.000 -0.490857  0.600450  0.165146
   -36.000 -0.492722  0.572438  0.160453
   -35.000 -0.494309  0.544666  0.155905
   -34.000 -0.495657  0.517163  0.151512
   -33.000 -0.496817  0.489954  0.147283
   -32.000 -0.497851  0.463065  0.143229
   -31.000 -0.498838  0.436519  0.139364
   -30.000 -0.499869  0.410340  0.135706
   -29.000 -0.501060  0.384548  0.132273
   -28.000 -0.502546  0.359161  0.129091
   -27.000 -0.504489  0.334196  0.126188
   -26.000 -0.507079  0.309670  0.123597
   -25.000 -0.510538  0.285595  0.121359
   -24.000 -0.515120  0.261986  0.106815
   -23.000 -0.521107  0.238856  0.092272
   -22.000 -0.528799  0.216220  0.077728
   -21.000 -0.538493  0.194102  0.063184
   -20.000 -0.550439  0.172534  0.048640
   -19.000 -0.564769  0.151572  0.034096
   -18.000 -0.581378  0.131299  0.019552
   -17.000 -0.599749  0.111847  0.005008
   -16.000 -0.618715  0.093409 -0.009536
   -15.000 -0.636205  0.076254 -0.024080
   -14.000 -0.649046  0.060720 -0.038624
   -13.000 -0.653020  0.047184 -0.053168
   -12.000 -0.643380  0.035984 -0.067712
   -11.000 -0.615885  0.027314 -0.082256
   -10.000 -0.540100  0.031960 -0.096800
    -9.000 -0.499800  0.021840 -0.093500
    -8.000 -0.412200  0.017430 -0.090900
    -7.000 -0.312800  0.014450 -0.089100
    -6.000 -0.207800  0.012510 -0.087900
    -4.000  0.010600  0.009880 -0.086200
    -3.000  0.122900  0.009120 -0.085700
    -1.000  0.345600  0.007380 -0.085400
     0.000  0.457500  0.007180 -0.085000
     1.000  0.568600  0.007210 -0.084200
     2.000  0.675400  0.007300 -0.082500
     3.000  0.789700  0.007540 -0.082400
     4.000  0.898900  0.008190 -0.081900
     5.000  1.006700  0.008900 -0.081200
     6.000  1.111900  0.009730 -0.080300
     7.000  1.213600  0.010710 -0.078800
     8.000  1.312000  0.011770 -0.077000
     9.000  1.404500  0.013010 -0.074400
    10.000  1.486500  0.014520 -0.070300
    11.000  1.551300  0.016280 -0.063600
    13.000  1.653000  0.022130 -0.050700
    14.000  1.689300  0.026910 -0.045600
    15.000  1.711300  0.033670 -0.041700
    16.000  1.722900  0.042340 -0.039600
    17.000  1.720000  0.053800 -0.039600
    18.000  1.700500  0.068710 -0.042100
    19.000  1.665500  0.087210 -0.047500
    20.000  1.627900  0.107370 -0.055200
    21.000  1.548212  0.145595 -0.071717
    22.000  1.519861  0.168140 -0.088234
    23.000  1.493225  0.191924 -0.104751
    24.000  1.469015  0.216784 -0.121268
    25.000  1.447640  0.242578 -0.137785
    26.000  1.429273  0.269185 -0.154302
    27.000  1.413911  0.296503 -0.170819
    28.000  1.401428  0.324446 -0.187335
    29.000  1.391619  0.352944 -0.203852
    30.000  1.384232  0.381936 -0.220369
    31.000  1.378988  0.411371 -0.236886
    32.000  1.375603  0.441205 -0.253403
    33.000  1.373795  0.471399 -0.269920
    34.000  1.373291  0.501916 -0.286437
    35.000  1.373836  0.532723 -0.302954
    36.000  1.375191  0.563788 -0.307147
    37.000  1.377133  0.595080 -0.311583
    38.000  1.379460  0.626568 -0.316220
    39.000  1.381985  0.658221 -0.321023
    40.000  1.384538  0.690010 -0.325955
    41.000  1.386965  0.721904 -0.330987
    42.000  1.389126  0.753870 -0.336088
    43.000  1.390892  0.785879 -0.341233
    44.000  1.392149  0.817898 -0.346399
    45.000  1.392791  0.849895 -0.351563
    46.000  1.392724  0.881836 -0.356705
    47.000  1.391863  0.913689 -0.361808
    48.000  1.390130  0.945422 -0.366856
    49.000  1.387455  0.976998 -0.371834
    50.000  1.383776  1.008386 -0.376728
    51.000  1.379037  1.039552 -0.381527
    52.000  1.373188  1.070460 -0.386220
    53.000  1.366184  1.101077 -0.390797
    54.000  1.357986  1.131370 -0.395251
    55.000  1.348560  1.161303 -0.399575
    56.000  1.337877  1.190844 -0.403762
    57.000  1.325912  1.219959 -0.407806
    58.000  1.312644  1.248614 -0.411704
    59.000  1.298056  1.276777 -0.415453
    60.000  1.282136  1.304416 -0.419049
    61.000  1.264874  1.331497 -0.422491
    62.000  1.246266  1.357991 -0.425778
    63.000  1.226309  1.383865 -0.428910
    64.000  1.205005  1.409090 -0.431888
    65.000  1.182359  1.433635 -0.434713
    66.000  1.158378  1.457473 -0.437386
    67.000  1.133073  1.480574 -0.439910
    68.000  1.106459  1.502911 -0.442288
    69.000  1.078552  1.524458 -0.444524
    70.000  1.049373  1.545190 -0.446622
    71.000  1.018944  1.565081 -0.448586
    72.000  0.987291  1.584107 -0.450422
    73.000  0.954441  1.602247 -0.452135
    74.000  0.920426  1.619478 -0.453731
    75.000  0.885278  1.635779 -0.455215
    76.000  0.849033  1.651132 -0.456595
    77.000  0.811730  1.665517 -0.457876
    78.000  0.773408  1.678918 -0.459066
    79.000  0.734111  1.691318 -0.460172
    80.000  0.693882  1.702703 -0.461199
    81.000  0.652769  1.713059 -0.462157
    82.000  0.610821  1.722374 -0.463051
    83.000  0.568089  1.730636 -0.463889
    84.000  0.524624  1.737836 -0.464677
    85.000  0.480482  1.743966 -0.465423
    86.000  0.435718  1.749018 -0.466133
    87.000  0.390390  1.752986 -0.466814
    88.000  0.344556  1.755866 -0.467471
    89.000  0.298278  1.757656 -0.468110
    90.000  0.251616  1.758352 -0.468738
    91.000  0.204633  1.757955 -0.469358
    92.000  0.157393  1.756465 -0.469976
    93.000  0.109960  1.753886 -0.470596
    94.000  0.062400  1.750220 -0.471222
    95.000  0.014780  1.745473 -0.471856
    96.000 -0.032835  1.739650 -0.472502
    97.000 -0.080377  1.732761 -0.473161
    98.000 -0.127780  1.724813 -0.473834
    99.000 -0.174974  1.715817 -0.474523
   100.000 -0.221893  1.705785 -0.475228
   101.000 -0.268468  1.694729 -0.475948
   102.000 -0.314633  1.682664 -0.476681
   103.000 -0.360320  1.669606 -0.477426
   104.000 -0.405463  1.655571 -0.478180
   105.000 -0.449994  1.640576 -0.478939
   106.000 -0.493850  1.624642 -0.479700
   107.000 -0.536965  1.607789 -0.480458
   108.000 -0.579276  1.590037 -0.481207
   109.000 -0.620719  1.571410 -0.481941
   110.000 -0.661234  1.551930 -0.482653
   111.000 -0.700761  1.531623 -0.483336
   112.000 -0.739241  1.510515 -0.483981
   113.000 -0.776617  1.488632 -0.484581
   114.000 -0.812833  1.466001 -0.485125
   115.000 -0.859591  1.442652 -0.487052
   116.000 -0.893126  1.418613 -0.487489
   117.000 -0.925357  1.393915 -0.487839
   118.000 -0.956236  1.368590 -0.488092
   119.000 -0.985719  1.342668 -0.488235
   120.000 -1.013762  1.316182 -0.488258
   121.000 -1.040325  1.289166 -0.488148
   122.000 -1.065371  1.261653 -0.487894
   123.000 -1.088865  1.233678 -0.487483
   124.000 -1.110774  1.205276 -0.486903
   125.000 -1.131069  1.176482 -0.486143
   126.000 -1.149724  1.147332 -0.485189
   127.000 -1.166716  1.117862 -0.484030
   128.000 -1.182023  1.088110 -0.482655
   129.000 -1.195629  1.058112 -0.481050
   130.000 -1.207519  1.027905 -0.479206
   131.000 -1.217683  0.997527 -0.477112
   132.000 -1.226112  0.967016 -0.474757
   133.000 -1.232803  0.936408 -0.472131
   134.000 -1.237754  0.905743 -0.469224
   135.000 -1.240967  0.875057 -0.466029
   136.000 -1.242449  0.844389 -0.462538
   137.000 -1.242207  0.813777 -0.458743
   138.000 -1.240253  0.783257 -0.454638
   139.000 -1.236605  0.752868 -0.450217
   140.000 -1.231280  0.722647 -0.445476
   141.000 -1.224301  0.692630 -0.440411
   142.000 -1.215693  0.662854 -0.435021
   143.000 -1.205486  0.633356 -0.429302
   144.000 -1.193711  0.604171 -0.423256
   145.000 -1.180405  0.575335 -0.416883
   146.000 -1.165606  0.546883 -0.410185
   147.000 -1.149356  0.518848 -0.403165
   148.000 -1.131703  0.491266 -0.395828
   149.000 -1.112693  0.464169 -0.388180
   150.000 -1.092380  0.437590 -0.380229
   151.000 -1.070819  0.411561 -0.371982
   152.000 -1.048071  0.386112 -0.363450
   153.000 -1.024199  0.361274 -0.354646
   154.000 -0.999269  0.337077 -0.345583
   155.000 -0.973354  0.313549 -0.336275
   156.000 -0.946530  0.290719 -0.326741
   157.000 -0.918879  0.268612 -0.317000
   158.000 -0.890487  0.247255 -0.307074
   159.000 -0.861449  0.226673 -0.296987
   160.000 -0.831866  0.206890 -0.286768
   161.000 -0.801850  0.187928 -0.276446
   162.000 -0.771521  0.169811 -0.266058
   163.000 -0.741015  0.152557 -0.255644
   164.000 -0.710479  0.136188 -0.245249
   165.000 -0.680079  0.120721 -0.234927
   166.000 -0.650001  0.106175 -0.224735
   167.000 -0.620446  0.092564 -0.214740
   168.000 -0.591631  0.079905 -0.205015
   169.000 -0.563773  0.068211 -0.195633
   170.000 -0.537062  0.057495 -0.186657
   171.000 -0.511590  0.047768 -0.178120
   172.000 -0.487239  0.039041 -0.169981
   173.000 -0.463472  0.031322 -0.162049
   174.000 -0.439024  0.024618 -0.153878
   175.000 -0.411576  0.018937 -0.144642
   176.000 -0.377641  0.014284 -0.133093
   177.000 -0.333166  0.010662 -0.117763
   178.000 -0.275123  0.008074 -0.097532
   179.000 -0.203360  0.006521 -0.072294
   180.000 -0.121004  0.006004 -0.043120
   180.000 -0.121004  0.006001 -0.042658
