AeroDyn airfoil file Created with QBlade CE v2.0.9.5_beta windows on 15.04.2026 at 11:36:24 Compatible with AeroDyn v13.0.
Polar "S1223_Re0.500_M0.00_N9.0 360 M" on Foil "S1223" :: generated by QBlade
1              Number of airfoil tables in this file
0              Table ID parameter
0.00           Stall angle (deg)
0              No longer used, enter zero
0              No longer used, enter zero
0              No longer used, enter zero
0.00           Angle of attack for zero Cn for linear Cn curve (deg)
0.00000        Cn slope for zero lift for linear Cn curve (1/rad)
0.0000         Cn at stall value for positive angle of attack for linear Cn curve
0.0000         Cn at stall value for negative angle of attack for linear Cn curve
0.00           Angle of attack for minimum CD (deg)
0.0000         Minimum CD value
  -180.000 -0.253191  0.006009 -0.103775
  -179.000 -0.213482  0.006529 -0.087087
  -178.000 -0.175625  0.008087 -0.071244
  -177.000 -0.139641  0.010676 -0.056238
  -176.000 -0.105555  0.014290 -0.042060
  -175.000 -0.073390  0.018920 -0.028699
  -174.000 -0.043170  0.024556 -0.016145
  -173.000 -0.014917  0.031188 -0.004383
  -172.000  0.011350  0.038802  0.006600
  -171.000  0.035615  0.047388  0.016823
  -170.000  0.057867  0.056929  0.026304
  -169.000  0.078098  0.067411  0.035066
  -168.000  0.096307  0.078818  0.043134
  -167.000  0.112496  0.091131  0.050533
  -166.000  0.126674  0.104332  0.057294
  -165.000  0.138855  0.118402  0.063448
  -164.000  0.149058  0.133321  0.069028
  -163.000  0.157308  0.149066  0.074070
  -162.000  0.163638  0.165616  0.078611
  -161.000  0.168084  0.182948  0.082690
  -160.000  0.170689  0.201037  0.086347
  -159.000  0.171501  0.219858  0.089625
  -158.000  0.170573  0.239387  0.092565
  -157.000  0.167964  0.259596  0.095210
  -156.000  0.163739  0.280459  0.097605
  -155.000  0.157965  0.301947  0.099792
  -154.000  0.150717  0.324034  0.101817
  -153.000  0.142072  0.346689  0.103721
  -152.000  0.132112  0.369884  0.105548
  -151.000  0.120923  0.393587  0.107341
  -150.000  0.108592  0.417770  0.109139
  -149.000  0.074870  0.442401  0.104730
  -148.000  0.060563  0.467449  0.106760
  -147.000  0.045400  0.492881  0.108912
  -146.000  0.029480  0.518667  0.111220
  -145.000  0.012901  0.544773  0.113714
  -144.000 -0.004233  0.571168  0.116425
  -143.000 -0.021822  0.597819  0.119380
  -142.000 -0.039762  0.624692  0.122603
  -141.000 -0.057951  0.651755  0.126116
  -140.000 -0.076286  0.678974  0.129937
  -139.000 -0.094665  0.706317  0.134082
  -138.000 -0.112989  0.733750  0.138563
  -137.000 -0.131157  0.761240  0.143391
  -136.000 -0.149074  0.788754  0.148570
  -135.000 -0.166643  0.816259  0.154104
  -134.000 -0.183774  0.843722  0.159993
  -133.000 -0.200376  0.871110  0.166233
  -132.000 -0.216365  0.898391  0.172818
  -131.000 -0.231657  0.925532  0.179738
  -130.000 -0.246175  0.952502  0.186980
  -129.000 -0.259844  0.979268  0.194529
  -128.000 -0.272595  1.005800  0.202367
  -127.000 -0.284364  1.032065  0.210472
  -126.000 -0.295089  1.058034  0.218821
  -125.000 -0.304717  1.083677  0.227389
  -124.000 -0.313199  1.108963  0.236147
  -123.000 -0.320490  1.133863  0.245065
  -122.000 -0.326553  1.158349  0.254113
  -121.000 -0.331355  1.182392  0.263257
  -120.000 -0.334869  1.205964  0.272463
  -119.000 -0.337076  1.229040  0.281695
  -118.000 -0.337961  1.251592  0.290916
  -117.000 -0.337514  1.273594  0.300091
  -116.000 -0.335734  1.295022  0.309181
  -115.000 -0.332623  1.315850  0.318149
  -114.000 -0.328192  1.336057  0.326957
  -113.000 -0.322454  1.355618  0.335570
  -112.000 -0.315431  1.374511  0.343949
  -111.000 -0.307148  1.392715  0.352059
  -110.000 -0.297637  1.410210  0.359865
  -109.000 -0.286936  1.426977  0.367335
  -108.000 -0.275085  1.442995  0.374435
  -107.000 -0.262133  1.458247  0.381135
  -106.000 -0.248129  1.472716  0.387405
  -105.000 -0.233129  1.486387  0.393220
  -104.000 -0.217194  1.499242  0.398554
  -103.000 -0.200386  1.511269  0.403384
  -102.000 -0.182773  1.522454  0.407690
  -101.000 -0.164424  1.532783  0.411453
  -100.000 -0.145414  1.542247  0.414659
   -99.000 -0.125817  1.550834  0.417293
   -98.000 -0.105711  1.558534  0.419347
   -97.000 -0.085176  1.565340  0.420811
   -96.000 -0.064293  1.571243  0.421681
   -95.000 -0.043145  1.576236  0.421954
   -94.000 -0.021814  1.580316  0.421631
   -93.000 -0.000385  1.583476  0.420715
   -92.000  0.021059  1.585713  0.419211
   -91.000  0.042434  1.587025  0.417127
   -90.000  0.063657  1.587410  0.414473
   -89.000  0.084646  1.586868  0.411262
   -88.000  0.105320  1.585399  0.407510
   -87.000  0.125600  1.583006  0.403233
   -86.000  0.145409  1.579690  0.398451
   -85.000  0.164672  1.575455  0.393186
   -84.000  0.183315  1.570305  0.387459
   -83.000  0.201269  1.564248  0.381295
   -82.000  0.218468  1.557289  0.374721
   -81.000  0.234847  1.549435  0.367764
   -80.000  0.250347  1.540696  0.360451
   -79.000  0.264912  1.531081  0.352813
   -78.000  0.278490  1.520601  0.344880
   -77.000  0.291032  1.509268  0.336682
   -76.000  0.302495  1.497094  0.328250
   -75.000  0.312841  1.484092  0.319615
   -74.000  0.322034  1.470278  0.310810
   -73.000  0.330046  1.455666  0.301865
   -72.000  0.336851  1.440273  0.292812
   -71.000  0.342430  1.424116  0.283681
   -70.000  0.346768  1.407213  0.274502
   -69.000  0.349855  1.389583  0.265305
   -68.000  0.351687  1.371246  0.256119
   -67.000  0.352264  1.352223  0.246970
   -66.000  0.351592  1.332535  0.237886
   -65.000  0.349681  1.312204  0.228891
   -64.000  0.346547  1.291254  0.220010
   -63.000  0.342211  1.269708  0.211265
   -62.000  0.336697  1.247591  0.202676
   -61.000  0.330036  1.224927  0.194264
   -60.000  0.322262  1.201743  0.186046
   -59.000  0.313415  1.178066  0.178038
   -58.000  0.303538  1.153922  0.170255
   -57.000  0.292678  1.129340  0.162709
   -56.000  0.280886  1.104347  0.155410
   -55.000  0.268219  1.078974  0.148369
   -54.000  0.254735  1.053248  0.141591
   -53.000  0.240496  1.027200  0.135084
   -52.000  0.225568  1.000861  0.128849
   -51.000  0.210019  0.974261  0.122890
   -50.000  0.193920  0.947431  0.117207
   -49.000  0.177344  0.920404  0.111799
   -48.000  0.160367  0.893211  0.106663
   -47.000  0.143066  0.865885  0.101794
   -46.000  0.125522  0.838457  0.097187
   -45.000  0.107814  0.810961  0.092835
   -44.000  0.090024  0.783429  0.088729
   -43.000  0.072235  0.755896  0.084862
   -42.000  0.054531  0.728393  0.081221
   -41.000  0.036995  0.700955  0.077795
   -40.000  0.019712  0.673614  0.074573
   -39.000  0.002764  0.646405  0.071540
   -38.000 -0.013764  0.619360  0.068685
   -37.000 -0.029789  0.592513  0.065991
   -36.000 -0.045230  0.565897  0.063446
   -35.000 -0.060006  0.539546  0.061033
   -34.000 -0.074038  0.513491  0.058737
   -33.000 -0.087246  0.487766  0.056543
   -32.000 -0.099555  0.462404  0.054436
   -31.000 -0.110891  0.437436  0.052400
   -30.000 -0.121181  0.412894  0.050421
   -29.000 -0.130354  0.388809  0.048482
   -28.000 -0.138345  0.365213  0.046570
   -27.000 -0.145087  0.342136  0.044671
   -26.000 -0.150518  0.319608  0.042770
   -25.000 -0.154579  0.297658  0.040856
   -24.000 -0.157214  0.276316  0.033292
   -23.000 -0.158370  0.255609  0.025728
   -22.000 -0.157996  0.235565  0.018165
   -21.000 -0.156045  0.216211  0.010601
   -20.000 -0.152474  0.197573  0.003037
   -19.000 -0.147242  0.179676 -0.004527
   -18.000 -0.140313  0.162544 -0.012090
   -17.000 -0.131653  0.146201 -0.019654
   -16.000 -0.121231  0.130669 -0.027218
   -15.000 -0.109020  0.115970 -0.034781
   -14.000 -0.094996  0.102124 -0.042345
   -13.000 -0.079138  0.089150 -0.049909
   -12.000 -0.061428  0.077067 -0.057473
   -11.000 -0.041852  0.065892 -0.065036
   -10.000  0.028000  0.121220 -0.072600
    -8.000  0.066400  0.103020 -0.084100
    -7.000  0.125500  0.091480 -0.092400
    -6.000  0.153600  0.080350 -0.097900
    -5.000  0.263700  0.066830 -0.115300
    -4.000  0.329400  0.056680 -0.126300
    -2.000  0.897600  0.014710 -0.257300
    -1.000  1.042900  0.013980 -0.264200
     0.000  1.190100  0.013800 -0.271700
     1.000  1.301300  0.014550 -0.271000
     2.000  1.413700  0.015260 -0.270600
     3.000  1.526900  0.016040 -0.270600
     4.000  1.641500  0.016960 -0.271100
     5.000  1.735600  0.017650 -0.267000
     6.000  1.834900  0.018830 -0.264400
     7.000  1.929100  0.020150 -0.261000
     8.000  2.018900  0.021640 -0.256800
     9.000  2.097100  0.023190 -0.250600
    10.000  2.167200  0.025020 -0.243100
    11.000  2.235100  0.027140 -0.235800
    12.000  2.294300  0.029910 -0.227700
    13.000  2.339500  0.033990 -0.218400
    14.000  2.355500  0.041070 -0.207000
    15.000  2.330800  0.053600 -0.195500
    16.000  2.276300  0.072970 -0.189400
    17.000  2.185100  0.101780 -0.191500
    18.000  2.101600  0.130550 -0.199100
    19.000  2.052800  0.153460 -0.208300
    20.000  2.035500  0.170530 -0.216600
    21.000  2.004617  0.168512 -0.224009
    22.000  1.971785  0.191862 -0.231419
    23.000  1.945085  0.216241 -0.238828
    24.000  1.924410  0.241535 -0.246238
    25.000  1.909428  0.267649 -0.253647
    26.000  1.899670  0.294504 -0.261057
    27.000  1.894595  0.322033 -0.268466
    28.000  1.893635  0.350179 -0.275876
    29.000  1.896222  0.378896 -0.283285
    30.000  1.901811  0.408141 -0.290695
    31.000  1.909888  0.437876 -0.298104
    32.000  1.919976  0.468066 -0.305514
    33.000  1.931638  0.498678 -0.312923
    34.000  1.944474  0.529680 -0.320333
    35.000  1.958123  0.561039 -0.327742
    36.000  1.972258  0.592725 -0.334051
    37.000  1.986581  0.624707 -0.340478
    38.000  2.000826  0.656951 -0.346983
    39.000  2.014750  0.689426 -0.353528
    40.000  2.028136  0.722099 -0.360076
    41.000  2.040785  0.754936 -0.366596
    42.000  2.052519  0.787904 -0.373059
    43.000  2.063175  0.820966 -0.379438
    44.000  2.072608  0.854089 -0.385708
    45.000  2.080684  0.887237 -0.391847
    46.000  2.087283  0.920372 -0.397835
    47.000  2.092296  0.953459 -0.403654
    48.000  2.095624  0.986460 -0.409287
    49.000  2.097179  1.019339 -0.414721
    50.000  2.096882  1.052057 -0.419942
    51.000  2.094659  1.084578 -0.424941
    52.000  2.090449  1.116863 -0.429707
    53.000  2.084195  1.148875 -0.434234
    54.000  2.075849  1.180577 -0.438515
    55.000  2.065367  1.211930 -0.442546
    56.000  2.052714  1.242898 -0.446324
    57.000  2.037860  1.273444 -0.449847
    58.000  2.020782  1.303530 -0.453116
    59.000  2.001461  1.333121 -0.456132
    60.000  1.979885  1.362181 -0.458897
    61.000  1.956046  1.390673 -0.461417
    62.000  1.929942  1.418564 -0.463696
    63.000  1.901577  1.445820 -0.465740
    64.000  1.870959  1.472405 -0.467558
    65.000  1.838101  1.498289 -0.469159
    66.000  1.803020  1.523438 -0.470553
    67.000  1.765738  1.547822 -0.471751
    68.000  1.726284  1.571410 -0.472765
    69.000  1.684688  1.594173 -0.473608
    70.000  1.640985  1.616082 -0.474294
    71.000  1.595218  1.637110 -0.474838
    72.000  1.547428  1.657231 -0.475255
    73.000  1.497666  1.676419 -0.475561
    74.000  1.445982  1.694650 -0.475773
    75.000  1.392434  1.711901 -0.475908
    76.000  1.337082  1.728151 -0.475984
    77.000  1.279989  1.743379 -0.476019
    78.000  1.221223  1.757566 -0.476030
    79.000  1.160854  1.770694 -0.476035
    80.000  1.098956  1.782747 -0.476054
    81.000  1.035607  1.793708 -0.476104
    82.000  0.970888  1.803566 -0.476203
    83.000  0.904881  1.812306 -0.476369
    84.000  0.837673  1.819919 -0.476620
    85.000  0.769353  1.826394 -0.476973
    86.000  0.700012  1.831724 -0.477443
    87.000  0.629745  1.835903 -0.478047
    88.000  0.558647  1.838924 -0.478801
    89.000  0.486816  1.840785 -0.479718
    90.000  0.414353  1.841484 -0.480811
    91.000  0.341360  1.841019 -0.482094
    92.000  0.267940  1.839393 -0.483578
    93.000  0.194199  1.836606 -0.485272
    94.000  0.120242  1.832664 -0.487186
    95.000  0.046177  1.827572 -0.489327
    96.000 -0.027889  1.821337 -0.491701
    97.000 -0.101846  1.813966 -0.494314
    98.000 -0.175584  1.805471 -0.497168
    99.000 -0.248996  1.795862 -0.500265
   100.000 -0.321970  1.785153 -0.503605
   101.000 -0.394397  1.773357 -0.507186
   102.000 -0.466168  1.760489 -0.511006
   103.000 -0.537174  1.746568 -0.515059
   104.000 -0.607308  1.731612 -0.519338
   105.000 -0.676462  1.715639 -0.523834
   106.000 -0.744530  1.698672 -0.528539
   107.000 -0.824479  1.680732 -0.534544
   108.000 -0.889782  1.661844 -0.539669
   109.000 -0.953700  1.642030 -0.544959
   110.000 -1.016135  1.621319 -0.550397
   111.000 -1.076990  1.599735 -0.555963
   112.000 -1.136170  1.577309 -0.561637
   113.000 -1.193583  1.554068 -0.567398
   114.000 -1.249140  1.530044 -0.573222
   115.000 -1.302755  1.505267 -0.579084
   116.000 -1.354346  1.479769 -0.584959
   117.000 -1.403834  1.453583 -0.590819
   118.000 -1.451142  1.426744 -0.596636
   119.000 -1.496201  1.399286 -0.602380
   120.000 -1.538942  1.371243 -0.608021
   121.000 -1.579301  1.342653 -0.613529
   122.000 -1.617222  1.313551 -0.618871
   123.000 -1.652648  1.283976 -0.624016
   124.000 -1.685530  1.253965 -0.628931
   125.000 -1.715825  1.223556 -0.633583
   126.000 -1.743491  1.192787 -0.637941
   127.000 -1.768496  1.161699 -0.641970
   128.000 -1.790809  1.130331 -0.645640
   129.000 -1.810407  1.098721 -0.648918
   130.000 -1.827272  1.066911 -0.651773
   131.000 -1.841391  1.034940 -0.654174
   132.000 -1.852757  1.002848 -0.656093
   133.000 -1.861368  0.970676 -0.657501
   134.000 -1.867230  0.938463 -0.658370
   135.000 -1.870353  0.906251 -0.658676
   136.000 -1.870753  0.874079 -0.658395
   137.000 -1.868454  0.841987 -0.657503
   138.000 -1.863482  0.810014 -0.655982
   139.000 -1.855873  0.778201 -0.653813
   140.000 -1.845667  0.746586 -0.650980
   141.000 -1.832911  0.715207 -0.647470
   142.000 -1.817657  0.684105 -0.643272
   143.000 -1.799965  0.653315 -0.638378
   144.000 -1.779899  0.622875 -0.632784
   145.000 -1.757531  0.592823 -0.626486
   146.000 -1.732939  0.563194 -0.619487
   147.000 -1.706207  0.534024 -0.611790
   148.000 -1.677427  0.505347 -0.603405
   149.000 -1.646698  0.477198 -0.594342
   150.000 -1.614124  0.449609 -0.584618
   151.000 -1.579823  0.422614 -0.574254
   152.000 -1.543917  0.396243 -0.563276
   153.000 -1.506543  0.370528 -0.551714
   154.000 -1.467849  0.345498 -0.539607
   155.000 -1.428001  0.321182 -0.526999
   156.000 -1.387184  0.297607 -0.513947
   157.000 -1.345609  0.274800 -0.500516
   158.000 -1.303525  0.252787 -0.486789
   159.000 -1.261226  0.231591 -0.472867
   160.000 -1.219076  0.211238 -0.458881
   161.000 -1.177531  0.191748 -0.444998
   162.000 -1.137180  0.173142 -0.431442
   163.000 -1.098805  0.155441 -0.418510
   164.000 -1.063459  0.138663 -0.406612
   165.000 -1.032564  0.122826 -0.396308
   166.000 -1.008019  0.107945 -0.388349
   167.000 -0.992193  0.094036 -0.383688
   168.000 -0.987575  0.081111 -0.383348
   169.000 -0.995452  0.069184 -0.387913
   170.000 -1.012881  0.058265 -0.396334
   171.000 -1.028666  0.048363 -0.404302
   172.000 -1.023752  0.039489 -0.404295
   173.000 -0.982349  0.031647 -0.389888
   174.000 -0.904780  0.024844 -0.360925
   175.000 -0.804628  0.019085 -0.322581
   176.000 -0.695699  0.014372 -0.280267
   177.000 -0.585110  0.010708 -0.236820
   178.000 -0.474470  0.008092 -0.192900
   179.000 -0.363830  0.006524 -0.148546
   180.000 -0.253191  0.006002 -0.103775
   180.000 -0.253191  0.006009 -0.103775
