AeroDyn airfoil file Created with QBlade CE v2.0.9.5_beta windows on 15.04.2026 at 11:36:24 Compatible with AeroDyn v13.0.
Polar "S1223_Re3.000_M0.00_N9.0 360 M" on Foil "S1223" :: generated by QBlade
1              Number of airfoil tables in this file
0              Table ID parameter
15.00          Stall angle (deg)
0              No longer used, enter zero
0              No longer used, enter zero
0              No longer used, enter zero
-9.98          Angle of attack for zero Cn for linear Cn curve (deg)
7.22725        Cn slope for zero lift for linear Cn curve (1/rad)
2.4064         Cn at stall value for positive angle of attack for linear Cn curve
-0.3793        Cn at stall value for negative angle of attack for linear Cn curve
-4.00          Angle of attack for minimum CD (deg)
0.0093         Minimum CD value
  -180.000 -0.296032  0.006001 -0.121335
  -179.000 -0.195012  0.006521 -0.079549
  -178.000 -0.093993  0.008080 -0.038076
  -177.000  0.007027  0.010670  0.003067
  -176.000  0.108047  0.014285  0.043866
  -175.000  0.209064  0.018916  0.084304
  -174.000  0.308227  0.024554  0.123627
  -173.000  0.388595  0.031188  0.155137
  -172.000  0.413744  0.038806  0.164655
  -171.000  0.369302  0.047394  0.147004
  -170.000  0.293937  0.056939  0.117750
  -169.000  0.229606  0.067425  0.093321
  -168.000  0.188114  0.078836  0.078160
  -167.000  0.165019  0.091155  0.070411
  -166.000  0.153595  0.104362  0.067399
  -165.000  0.148831  0.118438  0.067162
  -164.000  0.147537  0.133363  0.068472
  -163.000  0.147767  0.149116  0.070592
  -162.000  0.148332  0.165674  0.073084
  -161.000  0.148508  0.183013  0.075693
  -160.000  0.147844  0.201111  0.078268
  -159.000  0.146069  0.219942  0.080729
  -158.000  0.143017  0.239481  0.083035
  -157.000  0.138599  0.259701  0.085174
  -156.000  0.132774  0.280575  0.087150
  -155.000  0.125540  0.302076  0.088982
  -154.000  0.116915  0.324175  0.090692
  -153.000  0.106940  0.346843  0.092313
  -152.000  0.095671  0.370052  0.093878
  -151.000  0.083173  0.393771  0.095423
  -150.000  0.069523  0.417969  0.096985
  -149.000  0.054804  0.442616  0.098601
  -148.000  0.039106  0.467680  0.100308
  -147.000  0.022524  0.493130  0.102143
  -146.000  0.005156  0.518934  0.104141
  -145.000 -0.012893  0.545060  0.106334
  -144.000 -0.031519  0.571475  0.108754
  -143.000 -0.050615  0.598146  0.111430
  -142.000 -0.070071  0.625040  0.114388
  -141.000 -0.089778  0.652125  0.117653
  -140.000 -0.109625  0.679368  0.121245
  -139.000 -0.129503  0.706734  0.125181
  -138.000 -0.149301  0.734192  0.129477
  -137.000 -0.168913  0.761707  0.134144
  -136.000 -0.188230  0.789248  0.139189
  -135.000 -0.207150  0.816780  0.144619
  -134.000 -0.225570  0.844270  0.150432
  -133.000 -0.243392  0.871687  0.156629
  -132.000 -0.260519  0.898997  0.163202
  -131.000 -0.276860  0.926169  0.170143
  -130.000 -0.292327  0.953169  0.177440
  -129.000 -0.306838  0.979967  0.185078
  -128.000 -0.320313  1.006531  0.193038
  -127.000 -0.332681  1.032830  0.201298
  -126.000 -0.343872  1.058834  0.209835
  -125.000 -0.353826  1.084511  0.218622
  -124.000 -0.362485  1.109833  0.227631
  -123.000 -0.369799  1.134769  0.236828
  -122.000 -0.375726  1.159292  0.246183
  -121.000 -0.380226  1.183373  0.255658
  -120.000 -0.383270  1.206985  0.265219
  -119.000 -0.384833  1.230099  0.274826
  -118.000 -0.384898  1.252691  0.284441
  -117.000 -0.383454  1.274734  0.294025
  -116.000 -0.380497  1.296203  0.303537
  -115.000 -0.376029  1.317074  0.312937
  -114.000 -0.370061  1.337323  0.322183
  -113.000 -0.362607  1.356927  0.331237
  -112.000 -0.353691  1.375864  0.340058
  -111.000 -0.343341  1.394113  0.348608
  -110.000 -0.331593  1.411653  0.356848
  -109.000 -0.318487  1.428464  0.364742
  -108.000 -0.304070  1.444528  0.372254
  -107.000 -0.288395  1.459826  0.379351
  -106.000 -0.271519  1.474341  0.386001
  -105.000 -0.257019  1.488058  0.391914
  -104.000 -0.238025  1.500960  0.397595
  -103.000 -0.218037  1.513034  0.402748
  -102.000 -0.197130  1.524266  0.407349
  -101.000 -0.175385  1.534643  0.411379
  -100.000 -0.152885  1.544154  0.414820
   -99.000 -0.129717  1.552788  0.417658
   -98.000 -0.105969  1.560535  0.419880
   -97.000 -0.081732  1.567388  0.421480
   -96.000 -0.057099  1.573337  0.422449
   -95.000 -0.032164  1.578377  0.422787
   -94.000 -0.007023  1.582502  0.422492
   -93.000  0.018228  1.585708  0.421567
   -92.000  0.043494  1.587990  0.420020
   -91.000  0.068678  1.589346  0.417857
   -90.000  0.093686  1.589774  0.415090
   -89.000  0.118422  1.589274  0.411733
   -88.000  0.142795  1.587847  0.407803
   -87.000  0.166712  1.585493  0.403318
   -86.000  0.190086  1.582216  0.398300
   -85.000  0.212830  1.578018  0.392770
   -84.000  0.234859  1.572905  0.386755
   -83.000  0.256095  1.566882  0.380280
   -82.000  0.276460  1.559954  0.373375
   -81.000  0.295881  1.552131  0.366069
   -80.000  0.314288  1.543420  0.358392
   -79.000  0.331619  1.533831  0.350377
   -78.000  0.347811  1.523374  0.342057
   -77.000  0.362811  1.512061  0.333465
   -76.000  0.376567  1.499904  0.324634
   -75.000  0.389034  1.486916  0.315600
   -74.000  0.400173  1.473112  0.306395
   -73.000  0.409950  1.458507  0.297055
   -72.000  0.418335  1.443116  0.287612
   -71.000  0.425304  1.426958  0.278101
   -70.000  0.430841  1.410049  0.268553
   -69.000  0.434934  1.392408  0.259000
   -68.000  0.437575  1.374055  0.249473
   -67.000  0.438766  1.355010  0.240003
   -66.000  0.438510  1.335294  0.230616
   -65.000  0.436818  1.314930  0.221341
   -64.000  0.433708  1.293939  0.212202
   -63.000  0.429200  1.272345  0.203224
   -62.000  0.423321  1.250172  0.194430
   -61.000  0.416103  1.227445  0.185839
   -60.000  0.407584  1.204189  0.177471
   -59.000  0.397805  1.180431  0.169342
   -58.000  0.386812  1.156196  0.161469
   -57.000  0.374656  1.131512  0.153863
   -56.000  0.361392  1.106407  0.146536
   -55.000  0.347079  1.080908  0.139498
   -54.000  0.331779  1.055046  0.132755
   -53.000  0.315556  1.028848  0.126315
   -52.000  0.298481  1.002344  0.120180
   -51.000  0.280622  0.975565  0.114353
   -50.000  0.262056  0.948541  0.108834
   -49.000  0.242855  0.921301  0.103621
   -48.000  0.223099  0.893877  0.098712
   -47.000  0.202865  0.866300  0.094102
   -46.000  0.182232  0.838602  0.089786
   -45.000  0.161281  0.810813  0.085756
   -44.000  0.140091  0.782964  0.082005
   -43.000  0.118742  0.755089  0.078522
   -42.000  0.097314  0.727217  0.075299
   -41.000  0.075885  0.699380  0.072323
   -40.000  0.054531  0.671611  0.069583
   -39.000  0.033328  0.643939  0.067067
   -38.000  0.012349  0.616395  0.064761
   -37.000 -0.008337  0.589012  0.062653
   -36.000 -0.028660  0.561818  0.060730
   -35.000 -0.048559  0.534845  0.058978
   -34.000 -0.067970  0.508121  0.057383
   -33.000 -0.086837  0.481675  0.055932
   -32.000 -0.105105  0.455538  0.054613
   -31.000 -0.122725  0.429736  0.053411
   -30.000 -0.139648  0.404298  0.052314
   -29.000 -0.155828  0.379250  0.051310
   -28.000 -0.171219  0.354619  0.050386
   -27.000 -0.185775  0.330433  0.049527
   -26.000 -0.199441  0.306716  0.048722
   -25.000 -0.212155  0.283497  0.047954
   -24.000 -0.223835  0.260802  0.047206
   -23.000 -0.234370  0.238660  0.046456
   -22.000 -0.243605  0.217103  0.026046
   -21.000 -0.251322  0.196166  0.005636
   -20.000 -0.257208  0.175892 -0.014775
   -19.000 -0.260819  0.156330 -0.035185
   -18.000 -0.261534  0.137543 -0.055596
   -17.000 -0.258498  0.119613 -0.076006
   -16.000 -0.250558  0.102639 -0.096417
   -15.000 -0.236214  0.086748 -0.116827
   -14.000 -0.213599  0.072091 -0.137237
   -13.000 -0.180527  0.058842 -0.157648
   -12.000 -0.134669  0.047180 -0.178058
   -11.000 -0.073879  0.037269 -0.198469
   -10.000  0.003328  0.029215 -0.218879
    -9.000  0.097254  0.025339 -0.239290
    -8.000  0.232500  0.011300 -0.259700
    -7.000  0.367000  0.010710 -0.266300
    -6.000  0.502500  0.010160 -0.271400
    -5.000  0.640400  0.009590 -0.276900
    -4.000  0.772800  0.009290 -0.280800
    -3.000  0.895100  0.009320 -0.282300
    -1.000  1.140400  0.009400 -0.285500
     0.000  1.258900  0.009580 -0.286300
     1.000  1.385000  0.009630 -0.289000
     2.000  1.496400  0.009960 -0.288300
     3.000  1.605300  0.010420 -0.287200
     4.000  1.713200  0.010820 -0.286000
     5.000  1.819600  0.011390 -0.284700
     6.000  1.927100  0.011910 -0.283800
     7.000  2.030100  0.012470 -0.282000
     8.000  2.125200  0.013410 -0.278700
     9.000  2.213800  0.014690 -0.274200
    10.000  2.294000  0.016590 -0.268400
    11.000  2.358800  0.019450 -0.259900
    12.000  2.412500  0.022860 -0.249900
    13.000  2.447900  0.027520 -0.237600
    14.000  2.467800  0.033540 -0.224400
    15.000  2.480300  0.040850 -0.212500
    16.000  2.471900  0.051480 -0.202000
    17.000  2.447800  0.066170 -0.195300
    18.000  2.392600  0.088110 -0.194000
    19.000  2.324200  0.113720 -0.197700
    20.000  2.256800  0.139150 -0.205200
    21.000  1.387026  0.217727 -0.212144
    22.000  1.403896  0.240516 -0.219087
    23.000  1.426203  0.263893 -0.226031
    24.000  1.452497  0.287871 -0.232975
    25.000  1.481669  0.312455 -0.239918
    26.000  1.512855  0.337646 -0.246862
    27.000  1.545383  0.363437 -0.253806
    28.000  1.578717  0.389819 -0.260749
    29.000  1.612427  0.416775 -0.267693
    30.000  1.646160  0.444287 -0.274637
    31.000  1.679626  0.472335 -0.281580
    32.000  1.712579  0.500894 -0.288524
    33.000  1.744808  0.529937 -0.295468
    34.000  1.776133  0.559437 -0.302411
    35.000  1.806395  0.589364 -0.309355
    36.000  1.835453  0.619687 -0.317755
    37.000  1.863181  0.650372 -0.326060
    38.000  1.889465  0.681387 -0.334249
    39.000  1.914205  0.712696 -0.342302
    40.000  1.937304  0.744264 -0.350202
    41.000  1.958678  0.776054 -0.357931
    42.000  1.978249  0.808030 -0.365476
    43.000  1.995943  0.840154 -0.372820
    44.000  2.011694  0.872387 -0.379951
    45.000  2.025441  0.904692 -0.386858
    46.000  2.037129  0.937029 -0.393529
    47.000  2.046705  0.969358 -0.399955
    48.000  2.054125  1.001642 -0.406127
    49.000  2.059346  1.033839 -0.412038
    50.000  2.062330  1.065911 -0.417681
    51.000  2.063044  1.097817 -0.423052
    52.000  2.061460  1.129519 -0.428146
    53.000  2.057553  1.160977 -0.432961
    54.000  2.051302  1.192151 -0.437494
    55.000  2.042691  1.223003 -0.441746
    56.000  2.031707  1.253493 -0.445716
    57.000  2.018342  1.283584 -0.449408
    58.000  2.002590  1.313236 -0.452823
    59.000  1.984453  1.342414 -0.455965
    60.000  1.963934  1.371079 -0.458841
    61.000  1.941039  1.399196 -0.461455
    62.000  1.915780  1.426728 -0.463816
    63.000  1.888173  1.453641 -0.465931
    64.000  1.858237  1.479899 -0.467811
    65.000  1.825994  1.505470 -0.469465
    66.000  1.791472  1.530320 -0.470905
    67.000  1.754701  1.554417 -0.472143
    68.000  1.715716  1.577731 -0.473192
    69.000  1.674553  1.600232 -0.474066
    70.000  1.631256  1.621891 -0.474779
    71.000  1.585868  1.642678 -0.475348
    72.000  1.538440  1.662569 -0.475786
    73.000  1.489023  1.681536 -0.476112
    74.000  1.437672  1.699556 -0.476342
    75.000  1.384448  1.716604 -0.476493
    76.000  1.329411  1.732660 -0.476584
    77.000  1.272628  1.747701 -0.476631
    78.000  1.214167  1.761709 -0.476654
    79.000  1.154099  1.774666 -0.476669
    80.000  1.092500  1.786553 -0.476697
    81.000  1.029446  1.797357 -0.476754
    82.000  0.965019  1.807062 -0.476859
    83.000  0.899300  1.815657 -0.477030
    84.000  0.832374  1.823129 -0.477283
    85.000  0.764330  1.829470 -0.477637
    86.000  0.695258  1.834671 -0.478107
    87.000  0.625250  1.838725 -0.478709
    88.000  0.554399  1.841628 -0.479459
    89.000  0.482803  1.843374 -0.480371
    90.000  0.410559  1.843963 -0.481459
    91.000  0.337767  1.843392 -0.482734
    92.000  0.264527  1.841664 -0.484209
    93.000  0.190942  1.838780 -0.485895
    94.000  0.117116  1.834744 -0.487799
    95.000  0.043153  1.829561 -0.489931
    96.000 -0.030842  1.823239 -0.492297
    97.000 -0.104762  1.815785 -0.494903
    98.000 -0.178501  1.807210 -0.497751
    99.000 -0.251953  1.797524 -0.500845
   100.000 -0.325009  1.786740 -0.504185
   101.000 -0.397563  1.774873 -0.507771
   102.000 -0.469509  1.761937 -0.511599
   103.000 -0.540739  1.747951 -0.515666
   104.000 -0.611149  1.732931 -0.519966
   105.000 -0.680633  1.716898 -0.524491
   106.000 -0.749086  1.699872 -0.529232
   107.000 -0.816407  1.681877 -0.534178
   108.000 -0.884047  1.662934 -0.539456
   109.000 -0.948806  1.643069 -0.544781
   110.000 -1.012134  1.622308 -0.550268
   111.000 -1.073936  1.600677 -0.555899
   112.000 -1.134118  1.578205 -0.561656
   113.000 -1.192588  1.554921 -0.567517
   114.000 -1.249258  1.530854 -0.573459
   115.000 -1.304042  1.506037 -0.579460
   116.000 -1.356856  1.480500 -0.585494
   117.000 -1.407622  1.454278 -0.591534
   118.000 -1.456261  1.427403 -0.597553
   119.000 -1.502701  1.399910 -0.603522
   120.000 -1.546874  1.371835 -0.609412
   121.000 -1.588713  1.343213 -0.615193
   122.000 -1.628158  1.314082 -0.620832
   123.000 -1.665152  1.284478 -0.626298
   124.000 -1.699642  1.254439 -0.631559
   125.000 -1.731580  1.224004 -0.636583
   126.000 -1.760923  1.193211 -0.641335
   127.000 -1.787634  1.162099 -0.645785
   128.000 -1.811678  1.130707 -0.649898
   129.000 -1.833029  1.099076 -0.653642
   130.000 -1.851662  1.067245 -0.656986
   131.000 -1.867561  1.035254 -0.659899
   132.000 -1.880714  1.003143 -0.662349
   133.000 -1.891115  0.970952 -0.664307
   134.000 -1.898763  0.938723 -0.665745
   135.000 -1.903663  0.906494 -0.666636
   136.000 -1.905827  0.874306 -0.666954
   137.000 -1.905272  0.842199 -0.666675
   138.000 -1.902020  0.810213 -0.665777
   139.000 -1.896101  0.778386 -0.664240
   140.000 -1.887549  0.746758 -0.662046
   141.000 -1.876406  0.715368 -0.659180
   142.000 -1.862720  0.684253 -0.655628
   143.000 -1.846544  0.653452 -0.651379
   144.000 -1.827939  0.623003 -0.646427
   145.000 -1.806970  0.592941 -0.640766
   146.000 -1.783712  0.563302 -0.634395
   147.000 -1.758244  0.534124 -0.627316
   148.000 -1.730653  0.505439 -0.619535
   149.000 -1.701034  0.477282 -0.611061
   150.000 -1.669490  0.449686 -0.601907
   151.000 -1.636133  0.422684 -0.592092
   152.000 -1.601083  0.396307 -0.581638
   153.000 -1.564473  0.370586 -0.570576
   154.000 -1.526448  0.345550 -0.558939
   155.000 -1.487172  0.321229 -0.546771
   156.000 -1.446824  0.297649 -0.534123
   157.000 -1.405612  0.274837 -0.521060
   158.000 -1.363777  0.252820 -0.507659
   159.000 -1.321602  0.231621 -0.494017
   160.000 -1.279430  0.211263 -0.480255
   161.000 -1.237689  0.191770 -0.466528
   162.000 -1.196915  0.173162 -0.453039
   163.000 -1.157802  0.155458 -0.440051
   164.000 -1.121250  0.138677 -0.427914
   165.000 -1.088425  0.122838 -0.417087
   166.000 -1.060785  0.107955 -0.408150
   167.000 -1.040000  0.094043 -0.401780
   168.000 -1.027542  0.081117 -0.398596
   169.000 -1.023607  0.069188 -0.398738
   170.000 -1.025066  0.058268 -0.401054
   171.000 -1.023315  0.048366 -0.402215
   172.000 -1.005298  0.039490 -0.397047
   173.000 -0.960530  0.031647 -0.381263
   174.000 -0.888698  0.024844 -0.354528
   175.000 -0.798495  0.019084 -0.320127
   176.000 -0.699915  0.014371 -0.281963
   177.000 -0.599091  0.010706 -0.242473
   178.000 -0.498071  0.008090 -0.202489
   179.000 -0.397052  0.006522 -0.162105
   180.000 -0.296032  0.006000 -0.121335
   180.000 -0.296032  0.006001 -0.121335
