AeroDyn airfoil file Created with QBlade CE v2.0.9.5_beta windows on 23.04.2026 at 10:45:42 Compatible with AeroDyn v13.0.
Polar "SG6050_Re3.000_M0.00_N9.0 360 M" on Foil "SG6050" :: generated by QBlade
1              Number of airfoil tables in this file
0              Table ID parameter
0.00           Stall angle (deg)
0              No longer used, enter zero
0              No longer used, enter zero
0              No longer used, enter zero
0.00           Angle of attack for zero Cn for linear Cn curve (deg)
nan            Cn slope for zero lift for linear Cn curve (1/rad)
0.0000         Cn at stall value for positive angle of attack for linear Cn curve
0.0000         Cn at stall value for negative angle of attack for linear Cn curve
0.00           Angle of attack for minimum CD (deg)
0.0000         Minimum CD value
  -180.000 -0.096632  0.006001 -0.035107
  -179.000  0.000185  0.006514  0.000108
  -178.000  0.097002  0.008049  0.035115
  -177.000  0.193818  0.010605  0.069900
  -176.000  0.290635  0.014175  0.104451
  -175.000  0.387452  0.018755  0.138756
  -174.000  0.484137  0.024337  0.172755
  -173.000  0.575615  0.030912  0.204643
  -172.000  0.640022  0.038473  0.226756
  -171.000  0.646239  0.047007  0.228370
  -170.000  0.592541  0.056503  0.209243
  -169.000  0.517303  0.066948  0.183023
  -168.000  0.455201  0.078329  0.161776
  -167.000  0.415906  0.090629  0.148737
  -166.000  0.395672  0.103832  0.142502
  -165.000  0.388420  0.117922  0.140908
  -164.000  0.389344  0.132879  0.142270
  -163.000  0.395227  0.148684  0.145470
  -162.000  0.404014  0.165318  0.149804
  -161.000  0.414405  0.182758  0.154829
  -160.000  0.425561  0.200982  0.160267
  -159.000  0.436938  0.219967  0.165941
  -158.000  0.448173  0.239689  0.171738
  -157.000  0.459022  0.260123  0.177582
  -156.000  0.469316  0.281242  0.183428
  -155.000  0.478939  0.303022  0.189244
  -154.000  0.487811  0.325433  0.195012
  -153.000  0.495878  0.348448  0.200722
  -152.000  0.503102  0.372039  0.206368
  -151.000  0.509461  0.396176  0.211951
  -150.000  0.514941  0.420829  0.217471
  -149.000  0.519536  0.445968  0.222931
  -148.000  0.523249  0.471560  0.228338
  -147.000  0.526084  0.497576  0.233696
  -146.000  0.528052  0.523982  0.239010
  -145.000  0.529165  0.550746  0.244288
  -144.000  0.529438  0.577836  0.249535
  -143.000  0.528891  0.605218  0.254757
  -142.000  0.527543  0.632859  0.259960
  -141.000  0.525416  0.660724  0.265148
  -140.000  0.522532  0.688780  0.270327
  -139.000  0.518916  0.716993  0.275501
  -138.000  0.514594  0.745328  0.280671
  -137.000  0.509591  0.773751  0.285843
  -136.000  0.503933  0.802228  0.291017
  -135.000  0.497649  0.830723  0.296194
  -134.000  0.490765  0.859203  0.301374
  -133.000  0.483309  0.887633  0.306559
  -132.000  0.475309  0.915978  0.311745
  -131.000  0.466794  0.944205  0.316932
  -130.000  0.457790  0.972280  0.322116
  -129.000  0.448325  1.000168  0.327294
  -128.000  0.438428  1.027836  0.332461
  -127.000  0.428124  1.055251  0.337613
  -126.000  0.417441  1.082380  0.342743
  -125.000  0.406404  1.109190  0.347846
  -124.000  0.395040  1.135650  0.352913
  -123.000  0.383373  1.161728  0.357939
  -122.000  0.371427  1.187392  0.362913
  -121.000  0.359226  1.212612  0.367829
  -120.000  0.346792  1.237357  0.372676
  -119.000  0.334148  1.261599  0.377445
  -118.000  0.321314  1.285308  0.382126
  -117.000  0.308311  1.308456  0.386710
  -116.000  0.295158  1.331015  0.391185
  -115.000  0.281874  1.352959  0.395542
  -114.000  0.268475  1.374262  0.399769
  -113.000  0.254979  1.394897  0.403857
  -112.000  0.241401  1.414841  0.407794
  -111.000  0.227756  1.434071  0.411570
  -110.000  0.214057  1.452562  0.415175
  -109.000  0.200317  1.470293  0.418599
  -108.000  0.186548  1.487244  0.421831
  -107.000  0.172762  1.503393  0.424861
  -106.000  0.158968  1.518723  0.427682
  -105.000  0.145176  1.533213  0.430283
  -104.000  0.127108  1.546849  0.432364
  -103.000  0.113232  1.559612  0.434516
  -102.000  0.099376  1.571489  0.436426
  -101.000  0.085546  1.582465  0.438088
  -100.000  0.071749  1.592527  0.439494
   -99.000  0.057987  1.601662  0.440640
   -98.000  0.044267  1.609861  0.441521
   -97.000  0.030592  1.617113  0.442133
   -96.000  0.016965  1.623410  0.442472
   -95.000  0.003390  1.628744  0.442535
   -94.000 -0.010132  1.633109  0.442321
   -93.000 -0.023597  1.636500  0.441829
   -92.000 -0.037005  1.638912  0.441058
   -91.000 -0.050352  1.640342  0.440009
   -90.000 -0.063638  1.640789  0.438683
   -89.000 -0.076860  1.640252  0.437082
   -88.000 -0.090018  1.638731  0.435207
   -87.000 -0.103110  1.636229  0.433064
   -86.000 -0.116134  1.632747  0.430655
   -85.000 -0.129089  1.628290  0.427986
   -84.000 -0.141973  1.622863  0.425063
   -83.000 -0.154784  1.616472  0.421890
   -82.000 -0.167519  1.609124  0.418475
   -81.000 -0.180178  1.600828  0.414825
   -80.000 -0.192757  1.591593  0.410948
   -79.000 -0.205252  1.581430  0.406852
   -78.000 -0.217662  1.570350  0.402546
   -77.000 -0.229981  1.558367  0.398039
   -76.000 -0.242207  1.545495  0.393341
   -75.000 -0.254335  1.531747  0.388462
   -74.000 -0.266359  1.517141  0.383413
   -73.000 -0.278275  1.501692  0.378202
   -72.000 -0.290077  1.485419  0.372843
   -71.000 -0.301759  1.468341  0.367344
   -70.000 -0.313315  1.450477  0.361718
   -69.000 -0.324737  1.431848  0.355976
   -68.000 -0.336018  1.412475  0.350129
   -67.000 -0.347151  1.392382  0.344188
   -66.000 -0.358127  1.371590  0.338165
   -65.000 -0.368939  1.350124  0.332070
   -64.000 -0.379577  1.328010  0.325916
   -63.000 -0.390034  1.305272  0.319712
   -62.000 -0.400299  1.281936  0.313470
   -61.000 -0.410365  1.258030  0.307200
   -60.000 -0.420222  1.233580  0.300914
   -59.000 -0.429862  1.208616  0.294621
   -58.000 -0.439275  1.183165  0.288331
   -57.000 -0.448453  1.157257  0.282054
   -56.000 -0.457389  1.130921  0.275800
   -55.000 -0.466074  1.104188  0.269577
   -54.000 -0.474503  1.077087  0.263396
   -53.000 -0.482669  1.049649  0.257264
   -52.000 -0.490567  1.021906  0.251191
   -51.000 -0.498194  0.993888  0.245184
   -50.000 -0.505549  0.965626  0.239252
   -49.000 -0.512631  0.937153  0.233402
   -48.000 -0.519444  0.908499  0.227644
   -47.000 -0.525990  0.879696  0.221984
   -46.000 -0.532280  0.850775  0.216431
   -45.000 -0.538324  0.821768  0.210992
   -44.000 -0.544139  0.792704  0.205676
   -43.000 -0.549745  0.763614  0.200493
   -42.000 -0.555169  0.734528  0.195450
   -41.000 -0.560444  0.705475  0.190558
   -40.000 -0.565611  0.676484  0.185827
   -39.000 -0.570721  0.647583  0.181271
   -38.000 -0.575834  0.618799  0.176901
   -37.000 -0.581024  0.590156  0.172734
   -36.000 -0.586379  0.561680  0.168787
   -35.000 -0.592004  0.533394  0.165079
   -34.000 -0.598023  0.505318  0.161634
   -33.000 -0.604583  0.477473  0.158478
   -32.000 -0.611858  0.449877  0.155644
   -31.000 -0.620051  0.422546  0.153166
   -30.000 -0.629398  0.395494  0.151088
   -29.000 -0.640169  0.368734  0.149456
   -28.000 -0.652674  0.342278  0.148326
   -27.000 -0.667257  0.316139  0.147758
   -26.000 -0.684291  0.290330  0.147818
   -25.000 -0.704160  0.264871  0.148575
   -24.000 -0.727234  0.239789  0.150093
   -23.000 -0.753813  0.215128  0.152426
   -22.000 -0.784043  0.190957  0.155600
   -21.000 -0.817798  0.167377  0.159589
   -20.000 -0.854500  0.144544  0.144130
   -19.000 -0.892908  0.122672  0.128671
   -18.000 -0.930890  0.102049  0.113211
   -17.000 -0.965267  0.083032  0.097752
   -16.000 -0.991844  0.066014  0.082293
   -15.000 -1.005780  0.051369  0.066833
   -14.000 -1.002342  0.039370  0.051374
   -13.000 -0.977939  0.030100  0.035915
   -12.000 -0.931045  0.023412  0.020456
   -11.000 -0.862609  0.018939  0.004996
   -10.000 -0.775715  0.016181 -0.010463
    -9.000 -0.674681  0.014615 -0.025922
    -8.000 -0.563999  0.013782 -0.041381
    -7.000 -0.447532  0.013345 -0.056841
    -6.000 -0.324300  0.008450 -0.072300
    -5.000 -0.205200  0.007650 -0.074400
    -4.000 -0.085100  0.007310 -0.076600
    -3.000  0.035700  0.006920 -0.078900
    -2.000  0.155500  0.005910 -0.081600
    -1.000  0.276600  0.005800 -0.084100
     0.000  0.397600  0.005800 -0.086400
     1.000  0.518000  0.005970 -0.088600
     2.000  0.637900  0.006130 -0.090900
     3.000  0.755900  0.006460 -0.092900
     4.000  0.872800  0.006700 -0.094900
     5.000  0.989500  0.006570 -0.097100
     6.000  1.097100  0.007340 -0.097200
     7.000  1.183500  0.008650 -0.092900
     8.000  1.278400  0.010420 -0.091300
     9.000  1.359800  0.012510 -0.087300
    10.000  1.420400  0.014760 -0.079500
    11.000  1.461700  0.018230 -0.070100
    12.000  1.520400  0.021490 -0.065100
    13.000  1.567400  0.025830 -0.060100
    14.000  1.606400  0.031290 -0.055500
    15.000  1.631200  0.038380 -0.051300
    16.000  1.654400  0.045930 -0.048100
    17.000  1.663500  0.056040 -0.046200
    18.000  1.664400  0.067690 -0.045500
    19.000  1.654100  0.080830 -0.046000
    20.000  1.624000  0.097290 -0.048600
    21.000  1.517381  0.149398 -0.064357
    22.000  1.491092  0.171208 -0.080113
    23.000  1.466218  0.194188 -0.095870
    24.000  1.443367  0.218208 -0.111627
    25.000  1.422902  0.243147 -0.127383
    26.000  1.404991  0.268904 -0.143140
    27.000  1.389657  0.295387 -0.158897
    28.000  1.376819  0.322522 -0.174654
    29.000  1.366323  0.350240 -0.190410
    30.000  1.357972  0.378484 -0.206167
    31.000  1.351542  0.407202 -0.221924
    32.000  1.346796  0.436350 -0.237680
    33.000  1.343499  0.465885 -0.253437
    34.000  1.341418  0.495770 -0.269194
    35.000  1.340330  0.525967 -0.284950
    36.000  1.340025  0.556444 -0.288892
    37.000  1.340306  0.587165 -0.293076
    38.000  1.340989  0.618098 -0.297467
    39.000  1.341905  0.649210 -0.302032
    40.000  1.342898  0.680470 -0.306742
    41.000  1.343824  0.711844 -0.311566
    42.000  1.344552  0.743301 -0.316481
    43.000  1.344961  0.774807 -0.321460
    44.000  1.344943  0.806329 -0.326482
    45.000  1.344397  0.837836 -0.331527
    46.000  1.343232  0.869292 -0.336576
    47.000  1.341366  0.900665 -0.341611
    48.000  1.338723  0.931921 -0.346616
    49.000  1.335235  0.963027 -0.351577
    50.000  1.330842  0.993947 -0.356480
    51.000  1.325487  1.024649 -0.361315
    52.000  1.319121  1.055098 -0.366068
    53.000  1.311700  1.085260 -0.370732
    54.000  1.303184  1.115102 -0.375296
    55.000  1.293541  1.144590 -0.379754
    56.000  1.282738  1.173690 -0.384097
    57.000  1.270752  1.202370 -0.388321
    58.000  1.257561  1.230597 -0.392419
    59.000  1.243147  1.258337 -0.396388
    60.000  1.227496  1.285560 -0.400223
    61.000  1.210599  1.312233 -0.403923
    62.000  1.192448  1.338327 -0.407485
    63.000  1.173041  1.363809 -0.410908
    64.000  1.152377  1.388651 -0.414191
    65.000  1.130461  1.412823 -0.417333
    66.000  1.107297  1.436297 -0.420337
    67.000  1.082896  1.459045 -0.423202
    68.000  1.057271  1.481040 -0.425932
    69.000  1.030435  1.502258 -0.428527
    70.000  1.002407  1.522671 -0.430991
    71.000  0.973208  1.542256 -0.433328
    72.000  0.942861  1.560990 -0.435540
    73.000  0.911392  1.578851 -0.437632
    74.000  0.878829  1.595817 -0.439609
    75.000  0.845203  1.611869 -0.441475
    76.000  0.810548  1.626986 -0.443236
    77.000  0.774898  1.641151 -0.444897
    78.000  0.738293  1.654348 -0.446463
    79.000  0.700771  1.666560 -0.447941
    80.000  0.662374  1.677773 -0.449335
    81.000  0.623147  1.687974 -0.450653
    82.000  0.583136  1.697151 -0.451900
    83.000  0.542388  1.705292 -0.453082
    84.000  0.500953  1.712389 -0.454206
    85.000  0.458882  1.718433 -0.455276
    86.000  0.416229  1.723417 -0.456300
    87.000  0.373046  1.727336 -0.457282
    88.000  0.329390  1.730185 -0.458228
    89.000  0.285318  1.731961 -0.459143
    90.000  0.240888  1.732662 -0.460032
    91.000  0.196160  1.732288 -0.460900
    92.000  0.151193  1.730840 -0.461750
    93.000  0.106048  1.728320 -0.462587
    94.000  0.060789  1.724732 -0.463414
    95.000  0.015476  1.720080 -0.464233
    96.000 -0.029826  1.714372 -0.465047
    97.000 -0.075054  1.707614 -0.465859
    98.000 -0.120144  1.699815 -0.466668
    99.000 -0.165032  1.690985 -0.467477
   100.000 -0.209655  1.681136 -0.468284
   101.000 -0.253947  1.670281 -0.469090
   102.000 -0.297845  1.658433 -0.469893
   103.000 -0.341285  1.645607 -0.470693
   104.000 -0.384205  1.631820 -0.471485
   105.000 -0.443195  1.617090 -0.473485
   106.000 -0.484491  1.601434 -0.474308
   107.000 -0.525092  1.584874 -0.475111
   108.000 -0.564939  1.567429 -0.475888
   109.000 -0.603971  1.549123 -0.476635
   110.000 -0.642131  1.529977 -0.477345
   111.000 -0.679360  1.510017 -0.478012
   112.000 -0.715603  1.489267 -0.478628
   113.000 -0.750806  1.467753 -0.479185
   114.000 -0.784916  1.445503 -0.479676
   115.000 -0.817882  1.422545 -0.480091
   116.000 -0.849655  1.398906 -0.480422
   117.000 -0.880188  1.374618 -0.480658
   118.000 -0.909435  1.349710 -0.480789
   119.000 -0.937355  1.324213 -0.480806
   120.000 -0.963905  1.298160 -0.480697
   121.000 -0.989049  1.271583 -0.480452
   122.000 -1.012751  1.244515 -0.480060
   123.000 -1.034976  1.216989 -0.479508
   124.000 -1.055695  1.189041 -0.478787
   125.000 -1.074879  1.160704 -0.477885
   126.000 -1.092503  1.132015 -0.476791
   127.000 -1.108545  1.103009 -0.475493
   128.000 -1.122985  1.073721 -0.473980
   129.000 -1.135807  1.044188 -0.472243
   130.000 -1.146997  1.014447 -0.470270
   131.000 -1.156544  0.984535 -0.468051
   132.000 -1.164441  0.954487 -0.465578
   133.000 -1.170684  0.924343 -0.462840
   134.000 -1.175271  0.894138 -0.459829
   135.000 -1.178204  0.863910 -0.456537
   136.000 -1.179488  0.833696 -0.452957
   137.000 -1.179131  0.803533 -0.449083
   138.000 -1.177146  0.773458 -0.444907
   139.000 -1.173547  0.743509 -0.440426
   140.000 -1.168352  0.713721 -0.435636
   141.000 -1.161583  0.684132 -0.430532
   142.000 -1.153265  0.654777 -0.425114
   143.000 -1.143427  0.625692 -0.419381
   144.000 -1.132101  0.596912 -0.413332
   145.000 -1.119323  0.568473 -0.406970
   146.000 -1.105132  0.540409 -0.400297
   147.000 -1.089575  0.512754 -0.393318
   148.000 -1.072699  0.485541 -0.386040
   149.000 -1.054560  0.458803 -0.378471
   150.000 -1.035217  0.432573 -0.370621
   151.000 -1.014739  0.406882 -0.362503
   152.000 -0.993203  0.381761 -0.354135
   153.000 -0.970695  0.357240 -0.345536
   154.000 -0.947319  0.333348 -0.336733
   155.000 -0.923194  0.310113 -0.327758
   156.000 -0.898467  0.287564 -0.318652
   157.000 -0.873320  0.265727 -0.309469
   158.000 -0.847988  0.244628 -0.300283
   159.000 -0.822776  0.224291 -0.291191
   160.000 -0.798103  0.204741 -0.282330
   161.000 -0.774555  0.186000 -0.273897
   162.000 -0.752969  0.168090 -0.266177
   163.000 -0.734579  0.151032 -0.259594
   164.000 -0.721212  0.134846 -0.254785
   165.000 -0.715563  0.119551 -0.252696
   166.000 -0.721412  0.105163 -0.254668
   167.000 -0.743303  0.091699 -0.262336
   168.000 -0.784265  0.079174 -0.276851
   169.000 -0.839343  0.067602 -0.296601
   170.000 -0.887209  0.056997 -0.314186
   171.000 -0.896192  0.047369 -0.318369
   172.000 -0.852585  0.038728 -0.304027
   173.000 -0.772105  0.031085 -0.276434
   174.000 -0.677506  0.024447 -0.243531
   175.000 -0.580717  0.018820 -0.209545
   176.000 -0.483900  0.014211 -0.175258
   177.000 -0.387083  0.010622 -0.140692
   178.000 -0.290266  0.008057 -0.105860
   179.000 -0.193449  0.006518 -0.070774
   180.000 -0.096632  0.006005 -0.035447
   180.000 -0.096632  0.006001 -0.035107
